2 0.21401708249999998 0.32375694375 0.1999769675 0.31930957875 0.1816168125 0.31847569750000004 0.1691195675 0.32153326625 0.16202235625 0.326258585 0.15893661625 0.33237371125000004 0.15708517625 0.3352922925 0.15600517875 0.337654955 0.15708517625 0.34001761875 0.1621766525 0.34363109999999997 0.1691195675 0.34654968500000005 0.18639970625 0.34793948625 0.2103141925 0.34835642624999996 0.22358287125 0.34724458625 0.22852006249999998 0.345854785 0.22913720125 0.34349212125 0.2292914975 0.34168538125 0.22913720125 0.33904475625 0.2308343675 0.33570923125 0.23330295750000002 0.33473637500000003 0.2282114825 0.33001104875000004 0.21401708249999998 0.32375694375
2 0.091524175 0.8317832925 0.09858692250000001 0.8321367412499999 0.10545348375 0.8328436324999999 0.11565524249999999 0.831606565 0.13076167375 0.827895385 0.1429253075 0.82312383125 0.15038042375 0.81711523125 0.1546965575 0.80845577 0.15587367875 0.8010333762499999 0.15606986375 0.79838252125 0.153323235 0.7974989025000001 0.14802617875 0.7944946 0.13762823624999998 0.7944946 0.11879424 0.79855924875 0.10211830250000001 0.8043911275000001 0.08818899375000001 0.8086324912499999 0.0789681725 0.8148178187499999 0.07916437250000001 0.81799885 0.08000927875000001 0.82226392 0.07916437250000001 0.8268350325 0.08269573749999999 0.83001605625 0.091524175 0.8317832925
2 0.1941360075 0.75806792375 0.18589612375 0.736154175 0.17412487375000002 0.71812836875 0.16549263625 0.7144171687499999 0.15705656875000001 0.7138869987500001 0.1488167 0.716184405 0.14646244 0.71918870875 0.15019000625 0.7342102187499999 0.156271815 0.7471110425 0.16510025250000002 0.76867133625 0.17353632125000001 0.7798049175 0.17902956125 0.78369284625 0.18295331125 0.7840462875 0.18670467500000001 0.7824897862500001 0.19276268625 0.779274755 0.19452837625 0.77450320875 0.1943321925 0.7684946012499999 0.1941360075 0.75806792375
2 0.1301746475 0.64662014625 0.13704120875 0.66075803875 0.14940101249999999 0.67772350625 0.16156464625000003 0.684085555 0.17353207999999998 0.6853226275000001 0.18059482625 0.68055108875 0.18137958 0.6740123124999999 0.17510157125 0.6591675225 0.15822945 0.6365468975 0.1492048275 0.6252365812499999 0.138806885 0.61816763875 0.13586407250000002 0.6178141975 0.132743785 0.62140454625 0.128801325 0.6232926237499999 0.12507376 0.62505986 0.127035635 0.6351331100000001 0.1301746475 0.64662014625
2 0.20248254249999997 0.56230813375 0.19600834875 0.55382539625 0.17992097999999998 0.5419849124999999 0.16775734625 0.5359763125 0.15971366250000002 0.533855625 0.15382803750000001 0.5336789012500001 0.146961475 0.53579958625 0.14401866375 0.53685993 0.14225298 0.53845043875 0.14205678875 0.54057112375 0.1444110475 0.5460495562500001 0.15029667124999999 0.55488573875 0.164814535 0.5676098425 0.17501629375 0.5753856862500001 0.1869837275 0.58369169125 0.19286935249999998 0.5868727225 0.19895116125 0.5866959949999999 0.20150160499999997 0.5845753100000001 0.20215711249999999 0.5820723475 0.20522917 0.58086411625 0.20817198250000002 0.57927360125 0.206994845 0.5714977612500001 0.20248254249999997 0.56230813375
2 0.2542354325 0.61250092 0.24501461125 0.625401745 0.24246418250000001 0.63194052125 0.24285655250000002 0.6404232550000001 0.24717268625 0.6480223775 0.24952693 0.65102667375 0.253254495 0.65102667375 0.26208293250000003 0.64766892125 0.27110755375 0.6404232550000001 0.29563099125000003 0.60931988875 0.299750925 0.60119060375 0.30033949374999996 0.59694923375 0.29896617249999996 0.5953587250000001 0.29563099125000003 0.59235442125 0.29229580875 0.58881994875 0.28464449375 0.5895268462500001 0.27287324375 0.59500527625 0.2542354325 0.61250092
2 0.32776869374999995 0.5757346025 0.32678775625 0.58722164 0.32561063500000004 0.599062125 0.32227543750000004 0.60966554375 0.3246296975 0.62044568375 0.32855344625 0.62751463 0.33286956500000003 0.62769136375 0.34110945000000004 0.6261008487499999 0.350722625 0.62079913875 0.35405782125 0.6117862425 0.35660825 0.59110956125 0.356412065 0.5810363125 0.3515073775 0.56672169875 0.34915313374999996 0.5601829225 0.34621032125 0.5589458562499999 0.342875125 0.5601829225 0.33754989125 0.5586498025000001 0.3338505025 0.56035965125 0.33071150625 0.56619153 0.32776869374999995 0.5757346025
2 0.20306484375 0.4769610275 0.2105335375 0.4942608825 0.2203495325 0.50713966625 0.22739145125000002 0.5180962499999999 0.23315300874999997 0.524247305 0.23720744624999998 0.52713061375 0.24296901999999998 0.52270953375 0.24745023249999998 0.510407425 0.2468100525 0.49752863499999994 0.24019492625000002 0.48291987124999997 0.22995214 0.46907998375 0.2229102375 0.46216004499999996 0.21501475125 0.45735453 0.21288083875000002 0.45639342624999996 0.20989337375000003 0.45927673625 0.20711928125 0.46196782 0.20263806750000002 0.4629289225 0.200504155 0.46581223250000003 0.20306484375 0.4769610275
2 0.28228861 0.42273786375 0.284849315 0.40678354624999996 0.28399574625 0.39832584375 0.2807948775 0.39582697625 0.27738062125 0.39505809124999997 0.26991192625 0.396595855 0.25689504625000004 0.40351580125 0.24963975625 0.41389571125 0.24793262 0.42523673 0.24323801875 0.43907660875 0.24345140625 0.45445425875 0.24643888749999998 0.46118198125 0.25189858375 0.4610281275 0.256041495 0.46329642 0.26094948375 0.46271975125 0.27012531500000003 0.44964874375 0.28228861 0.42273786375
2 0.34077221 0.38280847 0.33885168625 0.38972841 0.33287674 0.3937650475 0.32476786625000004 0.40376052125 0.31921969625 0.42432812124999997 0.322420565 0.43701468749999994 0.33138299125000004 0.4458568325 0.33757134125 0.4495090275 0.342052555 0.44835569875 0.34717394874999996 0.44316574875000003 0.35805689874999996 0.40722049125 0.35869708 0.3903050775 0.3552828225 0.38338512999999996 0.35114268000000004 0.38243559374999997 0.34802751625 0.38069405 0.34397307875000005 0.37992516125000003 0.34077221 0.38280847
2 0.401375315 0.47315217 0.40414940875 0.4660399975 0.40948419 0.42259814 0.4073502775 0.4054905025 0.40350922875 0.402414975 0.39860123875 0.4027994175 0.3870781075 0.4068360475 0.38110314625 0.41183378125 0.37875586125 0.41721596499999997 0.37683533625000004 0.42279035875 0.37491479624999996 0.44720239375 0.38067637 0.4696921925 0.38558435875 0.47507437625000004 0.39006558875 0.47545881125 0.3919860975 0.4741132725 0.39518696625 0.47565102875 0.39732087875 0.47584324625 0.401375315 0.47315217
2 0.4961371075 0.38549737375 0.48312022749999994 0.3820373975 0.46924979499999997 0.38011519499999996 0.45815345625 0.3810762975 0.44599016124999996 0.38492070624999997 0.43446702875 0.39184065375000005 0.4308393675 0.398568375 0.43126616 0.40337389 0.43660094125 0.40702607874999996 0.4543124075 0.40914050875 0.47373102500000003 0.40894828375000003 0.49741745125000003 0.40395055125 0.5087271950000001 0.40049058125000003 0.51256824375 0.39876059249999996 0.5115012875 0.39703061125 0.5109470162499999 0.39397211249999997 0.51256824375 0.39164842875 0.51342179625 0.38914956125000005 0.50766023875 0.38741958 0.4961371075 0.38549737375
2 0.5102805975 0.46427720375 0.5015315425 0.46946716125000004 0.48851467875 0.48215372 0.48019241625 0.49599362125 0.48019241625 0.505604645 0.48253973375000003 0.51137126375 0.48595399 0.51406234 0.49448964125000006 0.51175569875 0.5122011062499999 0.49887693 0.52543137375 0.48561369 0.5331134562500001 0.47581044125 0.53588754875 0.46889050125 0.5361009375 0.46619941 0.5382348499999999 0.46619941 0.5384482375 0.46370054250000003 0.5361009375 0.4631238825 0.53119293125 0.45966390500000004 0.52649833 0.45812614250000006 0.5196698 0.46120167625 0.5102805975 0.46427720375
2 0.5294858112499999 0.44563180125 0.54442318375 0.45716503875000003 0.56213466375 0.46543052375000005 0.57557832 0.4700438225 0.58731484 0.47196602875000004 0.590942485 0.47081270750000004 0.5947835337499999 0.46965937875 0.59627726625 0.46735273 0.59563708625 0.46504608875000003 0.59627726625 0.45658837875 0.5885952 0.446016245 0.5766452774999999 0.437750755 0.5640552050000001 0.43332969 0.55210528125 0.43256080124999996 0.54634372375 0.43159969750000005 0.53887501375 0.42967749125 0.5318331125 0.43121525499999996 0.5290590187499999 0.43409856374999994 0.529355195 0.43555164875 0.5282054500000001 0.43698187375 0.527778675 0.43948074374999996 0.52671171875 0.44121072875 0.5294858112499999 0.44563180125
2 0.49074061 0.54346357125 0.47054300125 0.5388155225 0.45299910875000005 0.53748750875 0.44208945374999997 0.5394795299999999 0.4397306125 0.54133874625 0.43810889750000004 0.5420027525 0.438256335 0.5439947737499999 0.44076260125 0.55302526625 0.44651228625 0.56139175625 0.45815908 0.56696941 0.47644011249999996 0.57161746375 0.49177259999999995 0.57453909 0.50739995 0.5738750825000001 0.51491875125 0.571484665 0.517572455 0.56882863625 0.51698275375 0.56564139625 0.5171301675 0.56391498 0.5188993187500001 0.55979813875 0.517572455 0.5559468975 0.50990621625 0.55143165375 0.49074061 0.54346357125
2 0.35952144375000006 0.62762638375 0.36276931875 0.6383537662500001 0.36804711500000004 0.64676501125 0.38130926625 0.66066185 0.38848164500000004 0.667610265 0.3940300925 0.67065781625 0.39998452749999996 0.6729739575000001 0.4078335575 0.6745586887499999 0.41297601624999997 0.6722425475 0.41365265625 0.67004830625 0.4137879925 0.66322179125 0.40972815249999994 0.65529815625 0.40011985375000003 0.6422546425 0.38509844375 0.6248226375 0.37846736875 0.6183618275 0.372783595 0.61555807625 0.370753675 0.61531427625 0.369400395 0.6166551975 0.36818973 0.61809743875 0.36398727375 0.61921513875 0.36033342124999995 0.61970274875 0.3592507925 0.6232379112499999 0.35952144375000006 0.62762638375
2 0.513623905 0.6269884425 0.52392208 0.64382355625 0.53981433 0.6650106025 0.54960396125 0.6718820775000001 0.553290955 0.6723401775000001 0.556469405 0.6725692237500001 0.557740785 0.66993516375 0.56358914125 0.66203296625 0.5651147925 0.653558145 0.56168207125 0.6421056875 0.5471883375000001 0.6217203125 0.5410857099999999 0.61645218375 0.5384158137499999 0.61450526375 0.53142322375 0.6096952325 0.52582915 0.60729022 0.52150645625 0.6063740200000001 0.51934511375 0.6064885449999999 0.51820087 0.60877903375 0.51731090875 0.610153335 0.5146410124999999 0.61244382625 0.511716835 0.613245495 0.50993690125 0.6156505112499999 0.513623905 0.6269884425
2 0.621162265 0.6326047100000001 0.6177295425 0.6434845450000001 0.6123897512500001 0.6684509024999999 0.6131525775 0.68551506625 0.61658529875 0.69204296375 0.61747527125 0.6957077549999999 0.62001803125 0.6966239475 0.62192510125 0.6955932325 0.62510355125 0.6938753637499999 0.6314604500000001 0.69204296375 0.637054515 0.6873474575 0.6450642125 0.6729173625 0.64836979875 0.64818005125 0.6451913487500001 0.6371856925 0.64074151875 0.62825277375 0.63781735 0.6252751375 0.6355288625 0.62710752875 0.63273183 0.62699300625 0.63082476 0.62584776 0.62650206625 0.6260768075 0.621162265 0.6326047100000001
2 0.59476837375 0.7477193074999999 0.5922638825 0.7565177850000001 0.5910973075 0.7596467075 0.59035553625 0.7666626075 0.5907264175 0.77646258875 0.5948061675 0.7891580225 0.601280045 0.79599810875 0.6087935175 0.8002845475 0.6127323287499999 0.8026329975000001 0.6164411900000001 0.8027443599999999 0.6210154475 0.8004057287499999 0.6224989974999999 0.7982898212499999 0.62331957 0.79487009875 0.622568215 0.7793035899999999 0.621566415 0.76238343125 0.619061925 0.7447864850000001 0.6148340125 0.7372626575 0.6129795825 0.73548084625 0.6100457625 0.7344087924999999 0.6053147925 0.73516368 0.6002458325 0.7353694787499999 0.5980242 0.74004884 0.59476837375 0.7477193074999999
2 0.4911040225 0.7474310350000001 0.48137712625 0.7340378649999999 0.47165023 0.724149455 0.46428558625 0.71789096 0.4580325825 0.7156379049999999 0.4542807725 0.7147617150000001 0.45108479875 0.7166392625 0.44844464 0.7216460587500001 0.44663821249999996 0.7330365075 0.44733299000000004 0.740296355 0.4553924225 0.75406503375 0.4709554525 0.7658309975 0.4817939975 0.77183915125 0.49027029 0.77459288375 0.49304940375 0.77471805125 0.49513373875 0.77384186625 0.496713395 0.7711401725 0.49930240875000004 0.76908541 0.5009698825000001 0.7668323650000001 0.49944136125 0.76132488125 0.4911040225 0.7474310350000001
2 0.40655766125 0.2773027375 0.4210694775 0.28845598 0.43248858875 0.29467605124999996 0.4467624925 0.2978933325 0.44914147625 0.2972498775 0.44937937125 0.2940325975 0.45152046 0.29145877124999997 0.45532682999999996 0.28888495249999996 0.45247205749999997 0.284380755 0.4460488075 0.2760158325 0.4305854125 0.2620742825 0.4134567175 0.248990665 0.40703346875 0.24620235625 0.404654485 0.245344415 0.39950045875 0.24629660125 0.39632804125 0.25049206375 0.39632804125 0.25928596625 0.39894492 0.2672219225 0.40655766125 0.2773027375
2 0.5256907912500001 0.30286907625000004 0.528545565 0.30715878375 0.5333035325000001 0.310376065 0.56089976 0.31874099875 0.5730325562499999 0.3202423975 0.57945584125 0.31788305375 0.58635488 0.31273541 0.5906370587499999 0.3099470925 0.59277813 0.30801672875 0.593729745 0.3067298125 0.59396762125 0.30522842 0.59254025375 0.30329804875 0.58968544375 0.30029525 0.5861169675 0.29836488625 0.5775526475 0.294504155 0.56185134 0.29021444750000003 0.5356825162500001 0.28292193625 0.5247392125 0.2807770825 0.5195054375 0.28099156875 0.519267525 0.28184950875 0.51906507 0.284880925 0.51712645375 0.2884985575 0.5145095562499999 0.29107237999999996 0.518315945 0.29600554625000003 0.5256907912500001 0.30286907625000004
2 0.6108773275 0.36853074125 0.6068330625 0.38075642625 0.60516778 0.3863330275 0.605405675 0.39727178625 0.6068330625 0.40070355 0.60897415125 0.40392083125 0.611353135 0.407781575 0.6144458025 0.41035539249999997 0.6175384887500001 0.41250024625000004 0.6203932625 0.41400165375 0.62253435125 0.4157175275 0.6244375462499999 0.416789955 0.6268165299999999 0.41636099000000004 0.62895761875 0.41314371 0.634191395 0.40413532125 0.6368082549999999 0.39619936 0.63657037875 0.37925500999999995 0.6389493625 0.36595691375 0.6379977462499999 0.35716301625 0.6368082549999999 0.35265882625000006 0.63490506 0.350085 0.6327639899999999 0.34879808250000005 0.62990921625 0.34836911875 0.627054425 0.34836911875 0.62286618875 0.348920185 0.6163489975 0.35609059000000004 0.6144458025 0.35952235250000003 0.61254262625 0.36359757875 0.6108773275 0.36853074125
2 0.65607803875 0.26472012625 0.65988439125 0.264505645 0.67606148875 0.26064490125 0.6827226512500001 0.258285565 0.696520765 0.24927717625 0.70770198125 0.240483275 0.7126978625 0.23168937750000002 0.71364944125 0.22461135625 0.71293573875 0.218176795 0.711032545 0.21495951375 0.70817777125 0.21388708625 0.70341980375 0.2141015725 0.69747234375 0.21517399999999998 0.6920006737500001 0.21688988125000003 0.67725098125 0.22761415499999998 0.65322326625 0.2473468125 0.65084428125 0.25120754875 0.65060636875 0.25506828375 0.6535009024999999 0.25889009625 0.6544127575 0.26193181875 0.65465063375 0.2638621825 0.65607803875 0.26472012625
2 0.7061902975 0.41832305124999997 0.71356514375 0.42454312375000003 0.71998841125 0.4281893925 0.7261737662500001 0.4307632025 0.7371170875 0.43355152750000003 0.7575763462499999 0.43526739249999996 0.765664895 0.43333702875 0.7723260562500001 0.42904732125 0.77732191875 0.42304172375 0.77851141125 0.42046790625 0.77803560375 0.41832305124999997 0.7747050400000001 0.41532027 0.7685196675 0.41317539875000003 0.76185852375 0.41038708999999995 0.7494877975 0.40738429125000003 0.7325970150000001 0.40395252875 0.722367395 0.40352355625 0.71285146 0.40438150125 0.7080934925 0.40438150125 0.7059524025 0.40588289250000004 0.70792956875 0.40840435124999996 0.7061902975 0.41038708999999995 0.70381131375 0.41381885375000005 0.70381131375 0.41553473500000004 0.7061902975 0.41832305124999997
2 0.8446471699999999 0.381860535 0.83370383 0.39580208499999997 0.83084905625 0.40416701125000004 0.83084905625 0.41145951750000004 0.8322764612500001 0.41789408 0.8351312350000001 0.42325621375 0.837272305 0.4269024675 0.8422681862500001 0.42668797750000004 0.8482156462499999 0.42304172375 0.8555904737500001 0.417250625 0.8681990962499999 0.40116422 0.8867551775 0.37692736375 0.8881825825 0.37435354625 0.88770675625 0.37285214250000004 0.8862793875 0.3713507475 0.88390040375 0.37049280625000003 0.87894860375 0.3679444 0.87557396 0.36641758125 0.8672475175 0.36813346625 0.8541631062499999 0.3760694275 0.8446471699999999 0.381860535
2 0.74020977375 0.4783328675 0.7316454175 0.47447212375 0.7216536925 0.47211278874999996 0.70928298375 0.4688955075 0.69881545125 0.46782308 0.6907269024999999 0.4682520525 0.6804972650000001 0.4742576425 0.67716671125 0.47704595125 0.6752635075000001 0.48026323125 0.6755014025 0.48176463124999996 0.6769287975 0.48348051249999996 0.6816867562500001 0.4873412475 0.68929951625 0.49055852875 0.7078555787499999 0.4978510525 0.7349759987500001 0.50428561375 0.74258875875 0.504071115 0.7480604099999999 0.5032131875 0.75091520125 0.50192626125 0.7511530962499999 0.50021037125 0.7516509562500001 0.49629086625 0.7528183774999999 0.49377581 0.7523425887499999 0.4897005925 0.74734672625 0.4836950025 0.74020977375 0.4783328675
2 0.827518475 0.4942047825 0.8344175325000001 0.49377581 0.8406029049999999 0.4927033825 0.8570178787499999 0.4888426475 0.8734328537499999 0.48069220375 0.88318670125 0.47318521500000005 0.89008574 0.4650347725 0.8907994425 0.45452498375 0.89175105875 0.45259462125 0.89032365375 0.44959182249999996 0.8872309675 0.44894836374999997 0.8808077175 0.44787593625 0.8746223449999999 0.448519395 0.8627274262500001 0.45259462125 0.83608281375 0.46717962625 0.82157101625 0.47747492375 0.8189541375 0.48219360375000003 0.8184783287499999 0.48583985625 0.81976114625 0.48798451875 0.82157101625 0.49163095625 0.82513949125 0.49334684500000003 0.827518475 0.4942047825
2 0.84012707875 0.6104465925 0.8475019437500001 0.604440995 0.8534494037499999 0.59285878875 0.86201376 0.57269715875 0.86248954875 0.5643322325 0.8601105649999999 0.55811215375 0.8560663 0.55425141375 0.8536873162499999 0.55167759125 0.8508325062500001 0.550605165 0.8458366624999999 0.5529645049999999 0.84012707875 0.5563962674999999 0.8356070237500001 0.56175840625 0.8322764612500001 0.56883642375 0.8227605075 0.596719525 0.82180891 0.6042265299999999 0.823712105 0.60787276625 0.8271967562499999 0.60990026375 0.83061114375 0.6130204112500001 0.8346554449999999 0.612162475 0.84012707875 0.6104465925
2 0.7237882 0.5894263775 0.75899715 0.5896408675 0.76732359375 0.58706704125 0.7739847562500001 0.58256285125 0.77826693375 0.57805865375 0.7806459175 0.5741979175 0.7806459175 0.57248203625 0.7806459175 0.5703371825 0.7787427237500001 0.5681923287499999 0.7751742475000001 0.56540402 0.7616140475000001 0.56218673875 0.74734014375 0.56089982125 0.7187923374999999 0.5619722487500001 0.7019015375 0.5664764474999999 0.6976193775 0.5675488737500001 0.69666778 0.5684068099999999 0.6978572725 0.5696937275 0.699601685 0.57292362125 0.6983330612499999 0.5750558625 0.69904676375 0.57913108 0.706183715 0.58384976125 0.7237882 0.5894263775
2 0.6823938775 0.60670270125 0.6864381425 0.61742697125 0.6957161825 0.627936755 0.7147480537500001 0.64295073625 0.7264050787499999 0.6485273537499999 0.73187674875 0.64831287125 0.73734840125 0.64766941625 0.743057965 0.6463825 0.74686433625 0.645739045 0.74924332 0.6448811000000001 0.7499570225 0.64402316375 0.74924332 0.6395189649999999 0.74638854625 0.63286992125 0.73306624 0.61892837 0.71094168375 0.6015550525 0.6980951675 0.59447703875 0.69309930375 0.5938335775 0.68953082875 0.59426254875 0.68770470875 0.59730677 0.685010755 0.59876674375 0.68263177125 0.59983917125 0.68096649 0.60134056625 0.6823938775 0.60670270125
2 0.7068974175 0.68860987625 0.7116553862499999 0.69611686375 0.7283082725 0.714562605 0.7402031925 0.7231420212499999 0.74734014375 0.7257158475 0.7561423775 0.72378548375 0.76208983625 0.7229275549999999 0.7651825225000001 0.72164063 0.7661341025 0.7194957750000001 0.764706715 0.7126322412499999 0.75923506375 0.7038383349999999 0.7480538275 0.69225612875 0.73306624 0.6789580325 0.7245018837499999 0.67166553 0.7176028449999999 0.6688772175 0.7147480537500001 0.6686627312500001 0.712606965 0.66844825 0.7106063887499999 0.6712600575000001 0.706659505 0.67252347125 0.70523211875 0.6744538425000001 0.70499422375 0.68003046 0.7068974175 0.68860987625
2 0.911095145 0.8040961812499999 0.9177562887499999 0.8158928775 0.94202195375 0.8433470062499999 0.9489209925000001 0.84978156875 0.95177576625 0.8519264225000001 0.955106365 0.8532133399999999 0.95867484125 0.8525698762499999 0.9598643325 0.84978156875 0.96152961375 0.8442049512500001 0.96176749125 0.83927178875 0.96129170125 0.8341241524999999 0.96010220875 0.8291909737500001 0.95724743625 0.82339986625 0.9512999762500001 0.812461115 0.9360744937500001 0.7983050737499999 0.9279859275 0.79144154 0.92227638 0.789296685 0.9194216075 0.78800977625 0.9158292299999999 0.7907642825000001 0.9118088475 0.79251396625 0.9103814425 0.7948733099999999 0.90990565375 0.79766161875 0.911095145 0.8040961812499999
2 0.73753130875 0.8532133399999999 0.7384828874999999 0.85621613 0.7422892775 0.85986239125 0.750853615 0.86543900875 0.7886794625 0.8800240049999999 0.79819539875 0.883455785 0.8043807525 0.8836702674999999 0.8086629125 0.88259784 0.81080400125 0.88088195 0.81104189625 0.87809365 0.8103282125 0.87251701625 0.80723552625 0.86522452625 0.80295336625 0.8594334112500001 0.80057438125 0.8568595925 0.7891552525000001 0.84999605875 0.7734539625 0.84291803375 0.7658412025 0.8414166425 0.7577526725 0.8394862875 0.752994705 0.8394862875 0.7460956475 0.8414166425 0.7420513637499999 0.8412021525 0.7412411025 0.845693355 0.7406239775 0.84828016875 0.7384828874999999 0.84978156875 0.73753130875 0.85149745 0.73753130875 0.8532133399999999
2 0.6422395249999999 0.89483919375 0.6584166225 0.91114008125 0.6693599450000001 0.9184325875 0.6745937025000001 0.9197194962499999 0.68054116125 0.921006405 0.68268225125 0.9197194962499999 0.68315804 0.9175746425 0.682920145 0.9158587775 0.68648862125 0.9139283887499999 0.68767811375 0.9115690700000001 0.68744021875 0.90835178875 0.6843475325 0.9014882375000001 0.67078733125 0.87918176125 0.65936820125 0.86481123875 0.65389655 0.8613794674999999 0.65056596875 0.85944910375 0.6486627737499999 0.85859115875 0.6439833212499999 0.8596265825 0.63962264625 0.86438226625 0.6372436625 0.87124580125 0.6372436625 0.8821845525 0.6422395249999999 0.89483919375
2 0.52065164875 0.84652779625 0.51065990625 0.84631331 0.49971658374999994 0.8484581637499999 0.491628035 0.8478147174999999 0.4821121 0.8478147174999999 0.46974139125000003 0.85081750375 0.4654592125 0.8544637575 0.466172915 0.85617963875 0.46974139125000003 0.8593969199999999 0.47426146375 0.86304317375 0.47806783375 0.86754736375 0.48163631 0.870979135 0.48924905125 0.8733384700000001 0.4961481075 0.8733384700000001 0.5037608675 0.8733384700000001 0.51470419 0.8722660437499999 0.52184114125 0.8690487625 0.5251717225 0.86733288125 0.52992969 0.865617 0.5349255525000001 0.863472145 0.53682872875 0.8615417737500001 0.53659083375 0.8591824375 0.53682872875 0.8553217025 0.5351634475 0.8523189037500001 0.53207076125 0.8499595675 0.5273127925 0.8476002237500001 0.52065164875 0.84652779625
2 0.36647086 0.81234714375 0.3709219425 0.8416381837500001 0.37432151500000005 0.855887685 0.37670049874999995 0.8599629025 0.37836578000000004 0.86189327375 0.38098265875000004 0.86296570125 0.38264795874999996 0.86339467375 0.38693011875000005 0.862536745 0.39263968374999997 0.8621077562499999 0.39620815875 0.8601773925 0.39692186125 0.85717461 0.39787345875 0.8552442225 0.4002524425 0.8526704037499999 0.40239351375 0.848595195 0.40286932125 0.8380853912499999 0.39899395875000004 0.81697236375 0.397090765 0.8107522675 0.39161911250000003 0.8002424874999999 0.38645432874999996 0.7960462562499999 0.38098265875000004 0.79433037125 0.37670049874999995 0.79325794375 0.37302968625 0.7929078562499999 0.37051514374999994 0.79433037125 0.36782927375 0.79766866125 0.36694666875000004 0.80205184625 0.36647086 0.81234714375
2 0.3123989425 0.7547715825 0.31382632875 0.757774385 0.31620531375 0.759704745 0.317394805 0.7612061437500001 0.3183464025 0.76485239375 0.32191487750000003 0.7691421012499999 0.327148635 0.7734318087500001 0.34594261125000003 0.784585055 0.35831333875 0.78994719 0.36402288499999996 0.7905906450000001 0.36782927375 0.7908051275 0.37187354 0.7908051275 0.38608606125 0.7817967387500001 0.385134465 0.7787939487500001 0.38275548125000003 0.7747187225000001 0.37276375625 0.76656827875 0.35040130374999995 0.75155430125 0.33303473250000004 0.74340385375 0.32637357 0.7427604 0.3225672 0.74254591375 0.31919586875 0.7457492375 0.31549162875000003 0.7476935625 0.31335054 0.74962393375 0.3126368375 0.75155430125 0.3123989425 0.7547715825
2 0.2273955025 0.84506993875 0.23215347125000002 0.8459278825 0.24714105875 0.8465713300000001 0.27806784875 0.84228162125 0.2918659625 0.8371339775 0.29876501875 0.83241529625 0.30090610875 0.8294124975 0.30043030125000003 0.8272676437500001 0.2973376325 0.82426485375 0.29020068125000004 0.8197606550000001 0.281160535 0.81783029125 0.26569714 0.81804479 0.24690316375 0.82040411 0.23619773625 0.82426485375 0.223113325 0.83091391375 0.22073434125 0.83370220625 0.2219238325 0.8354180875 0.22287542999999999 0.8369194874999999 0.22491233125 0.84006647375 0.22430281624999998 0.8431395662500001 0.22525441375 0.8439975037499999 0.2273955025 0.84506993875
2 0.34560129500000003 0.9271081200000001 0.345200715 0.9309003149999999 0.34319778624999997 0.9364983225 0.34319778624999997 0.94155458875 0.34740393374999995 0.9554593124999999 0.35481476375 0.9699340825 0.36102385499999995 0.975712675 0.36743322 0.9794765662499999 0.375645225 0.9820047137500001 0.3810531425 0.9816435375 0.38425782499999994 0.9765872887499999 0.384658405 0.9693923474999999 0.38425782499999994 0.96072446125 0.3810531425 0.95079251375 0.36863497500000003 0.92277418 0.361424435 0.9155509412499999 0.3574185775 0.913925715 0.35162485250000003 0.91549472125 0.3488059775 0.9155509412499999 0.34560129500000003 0.9175373324999999 0.34480012000000004 0.921871275 0.34560129500000003 0.9271081200000001