2 0.22663948250000002 0.28507130750000004 0.240297495 0.29332709375 0.25358635 0.2998748 0.26650607625 0.30072884625 0.27721096875 0.29759733125 0.2805332175 0.29531987375 0.28200973625 0.291334325 0.2812714775 0.28478661875 0.26798259375 0.2716912275 0.23549872749999998 0.2449310725 0.22516293625 0.2392374225 0.21925678125 0.23639059750000002 0.214088885 0.23610591374999998 0.20744447125 0.23809868874999998 0.20153831749999998 0.24236892625 0.19710868 0.24350766000000001 0.20080003000000002 0.2534715475 0.21113582250000001 0.26941377 0.22663948250000002 0.28507130750000004
2 0.464677185 0.23384034625000003 0.46504634250000004 0.24295019499999998 0.467999405 0.24750511 0.47095249625 0.24978256875 0.47612039250000004 0.24978256875 0.489778405 0.24551233 0.50232897375 0.23412503 0.509711675 0.20964233875000002 0.51155735 0.19740099874999997 0.51081909125 0.186867735 0.509711675 0.18316686125 0.50897341625 0.18032003625 0.50712774 0.17747321124999998 0.5012215575 0.17718852875 0.49642279125 0.17604979875000001 0.4911267725 0.17575763875 0.4820265475 0.18032003625 0.47575123499999994 0.18800647 0.46652286 0.21334320874999999 0.464677185 0.23384034625000003
2 0.36464159875 0.40981195375 0.37460826124999996 0.42148395375 0.39048105 0.43002443 0.3941724 0.43258655500000004 0.40044771249999994 0.43201719875 0.4041390625 0.42917037375 0.40967608875000006 0.424900135 0.4122600225 0.42119925375 0.4100452175 0.41322815749999997 0.40487732125000003 0.4007021225 0.38346747875 0.37365728375 0.3631650525 0.3571457 0.3591045725 0.354583575 0.3557823525 0.3537295075 0.35209100125 0.35344481875 0.3454465875 0.3557222875 0.34027869250000004 0.35942315874999997 0.33843301625 0.36796363374999996 0.3443391725 0.38504458375 0.36464159875 0.40981195375
2 0.48867098875000003 0.3289621275 0.47870432625 0.34832053625 0.4764895225 0.36654022124999996 0.47907345625 0.37565006375000004 0.48276480624999996 0.37764283249999997 0.4875635725 0.37849688875 0.49310059875 0.37792752125 0.5012215575 0.37280323875 0.5222622425 0.3457584 0.53370545125 0.32839276 0.536289385 0.32355315500000004 0.53702764375 0.32013697375 0.53739680125 0.31586673625 0.536289385 0.31301991125 0.53370545125 0.3107424425 0.52964494375 0.30874967375 0.5266919075 0.30476411375 0.52484623375 0.3022019675 0.5185708925 0.30391006875 0.50454380625 0.31245054375 0.48867098875000003 0.3289621275
2 0.64041548 0.25409063 0.66145619375 0.2572221325 0.6813894625 0.26149237 0.6902486812499999 0.262631105 0.69800053875 0.2612076925 0.7027993050000001 0.254944675 0.70021537125 0.24555014875 0.6950474475 0.23957182249999998 0.665516645 0.229038565 0.6367241299999999 0.22448364375000002 0.627495755 0.22619174 0.61789822125 0.22789983625000002 0.61088467875 0.2281845225 0.60188643 0.22945938500000002 0.6009180162500001 0.23530158499999998 0.60239456125 0.23985650125 0.6071933275 0.24441142 0.64041548 0.25409063
2 0.76407568625 0.29394618125 0.7729349600000001 0.29109935625 0.8061571125 0.27942737125 0.8319965637500001 0.26519324625 0.8452853912499999 0.252951895 0.8478693812500001 0.2464042 0.8471310662499999 0.24441142 0.8445471325 0.241564595 0.83864100625 0.23957182249999998 0.8271977975 0.2367249975 0.81833858 0.23729435625 0.8098484625000001 0.240425865 0.778471985 0.2535212625 0.75632388375 0.26661665875 0.744511575 0.27857332125 0.7415584825 0.28483633875 0.74414241625 0.28739849125 0.7495659725 0.289918305 0.7566929849999999 0.29394618125 0.7589078175 0.29394618125 0.76407568625 0.29394618125
2 0.8296209299999999 0.37536537375 0.8281444125 0.38475990625 0.83257402125 0.39529315 0.84069498125 0.3995633875 0.8451246462500001 0.4007021225 0.8536147062499999 0.39842465375 0.8676418487499999 0.3816284025 0.8846220825000001 0.352306095 0.88831343375 0.33579451125 0.88831343375 0.329531495 0.8846220825000001 0.3232684775 0.88129983375 0.32070633 0.8790850575 0.31899824 0.87324759 0.3187252025 0.865057915 0.32013697375 0.853245605 0.32867744875 0.83515795625 0.35970783625 0.8296209299999999 0.37536537375
2 0.7015310875 0.46198452 0.72220264375 0.46198452 0.73069276 0.46027640750000004 0.73549152625 0.45600617 0.736598915 0.45202061 0.7377063312500001 0.44604228125 0.72958534375 0.44034863125 0.72404831875 0.43664775 0.7074372425 0.43294688000000003 0.67790644 0.430100055 0.64874479625 0.43266220125 0.6402546787500001 0.43579370500000003 0.635575825 0.4417768875 0.63287197875 0.44831974 0.6350867825000001 0.45429806749999996 0.6535435350000001 0.4599917175 0.7015310875 0.46198452
2 0.782002535 0.475933945 0.7657605875 0.47792671374999995 0.76096182125 0.479634815 0.75727047125 0.481627595 0.7543174075 0.48390505375 0.75763962875 0.48988338124999997 0.76059269125 0.4947229975 0.76649884625 0.49984727 0.78458646875 0.5032634725 0.81780862 0.50667965375 0.8362653725 0.50667965375 0.84697032125 0.504686885 0.85509128125 0.5029787725 0.86025914875 0.50155536 0.86395049875 0.49899323500000003 0.8635813975000001 0.49586171 0.8630946212499999 0.49014402375000005 0.85398386375 0.48276631875 0.83441969625 0.47707266875000004 0.8074728287499999 0.47507988875 0.782002535 0.475933945
2 0.85582954 0.5715507375 0.85582954 0.58236866 0.857675215 0.59062445625 0.8617357225000001 0.5957487499999999 0.8702257824999999 0.596602785 0.880561575 0.59603342875 0.8927430425 0.58236866 0.90750844375 0.5402356725 0.90972327625 0.52571684625 0.90972327625 0.52030789625 0.9060319250000001 0.51717637125 0.90307883375 0.51660700375 0.89724551625 0.515750155 0.8846220825000001 0.5185997837499999 0.87428629125 0.52685557 0.8635813975000001 0.5464986675 0.85582954 0.5715507375
2 0.59934146875 0.541089695 0.6019254025 0.55589319875 0.6070932987500001 0.5635796175 0.6166908325 0.56158685 0.6270265675000001 0.5561778775 0.63477842625 0.5464986675 0.6395771925 0.53027178375 0.6395771925 0.5063584275 0.639208035 0.49468644875 0.635516685 0.48671534 0.63293275125 0.48016764500000003 0.62924140125 0.48272978125 0.62496135875 0.4823199275 0.61595251625 0.48358382624999996 0.60524762375 0.49070088875 0.6004488575 0.5120520775 0.59934146875 0.541089695
2 0.63855956375 0.6129478125 0.62785467 0.62518916875 0.6226868025000001 0.6371458262499999 0.62047197 0.64710971375 0.62047197 0.65280336375 0.62305590375 0.6567889237500001 0.626008995 0.6579276575 0.6333916962499999 0.6559348675 0.6422509137500001 0.6519493300000001 0.66144598 0.63913861625 0.67694964 0.62518916875 0.6935607162499999 0.6032686025 0.6961446499999999 0.598998365 0.69540639125 0.59415877125 0.6939298175 0.58960384375 0.69319155875 0.58675701875 0.6886481612500001 0.58403317 0.6847014425000001 0.58277147 0.678795315 0.58391019375 0.66144598 0.59273535875 0.63855956375 0.6129478125
2 0.5193289675 0.62917472875 0.50862404625 0.64056202875 0.5075166575 0.64767909125 0.50936233375 0.6519493300000001 0.51489935875 0.6570736012499999 0.52966476 0.6584970137499999 0.54073881 0.65422677625 0.56141036625 0.63771520375 0.584665855 0.6146559025 0.5890954924999999 0.60583075 0.59204855625 0.5995677425 0.59426338875 0.59558218375 0.59389423125 0.5921660125 0.59094116875 0.5913119462499999 0.58573398 0.58901214 0.5783905712499999 0.5870417087500001 0.5669473912499999 0.58903448875 0.5447992899999999 0.60412265875 0.5193289675 0.62917472875
2 0.35727868625 0.623970125 0.35986263375 0.63820425 0.3642922575 0.65386178875 0.3698292825 0.65813202625 0.37831939875000004 0.6572779912500001 0.3886551625 0.65443116625 0.39566873375 0.64702940375 0.39972921375 0.6362114812499999 0.39936008375 0.6100206775 0.39751440875 0.585822675 0.395299605 0.5801290250000001 0.39086996749999997 0.5772822 0.38570210000000005 0.57557409875 0.38036711500000003 0.5751421525 0.36798360750000003 0.5801290250000001 0.36133917875 0.5872460875000001 0.35801695875 0.5983486987500001 0.35727868625 0.623970125
2 0.25094451625 0.4967416825 0.25020623000000003 0.51239922125 0.25685067125 0.52207843 0.26644817625 0.52492525625 0.27456913625 0.52606399 0.2793679025 0.52008565125 0.28785801875 0.503858745 0.2904419525 0.49474891374999996 0.2926567575 0.48706248375 0.29930119875 0.47311303625 0.30299254999999997 0.4548933675 0.2985629125 0.44549883625 0.29376417374999997 0.440943915 0.2885962775 0.43781240625 0.283452415 0.43750919875 0.2771530975 0.43809708999999997 0.26534076 0.45033843625000003 0.25611238375 0.4768139125 0.25094451625 0.4967416825
2 0.148576195 0.6182535325 0.14783793625 0.629356155 0.15743544125 0.63818130875 0.16149592125 0.64102813375 0.1685094925 0.64102813375 0.17515393375 0.63334170375 0.19065759375 0.61711480875 0.20283906125 0.594909565 0.20874521625 0.58181417375 0.21022176125000003 0.5732736975 0.20579212375 0.56501790125 0.201362515 0.55875489375 0.197302035 0.5550540187499999 0.19069120125000003 0.556293195 0.18253663499999997 0.5607476637500001 0.17330825875 0.56985750625 0.16149592125 0.59120869375 0.148576195 0.6182535325
2 0.05592331 0.691778965 0.08250104875 0.70999863875 0.10427999249999999 0.720247215 0.11683058875 0.72394808625 0.125689835 0.7245174525 0.13011944375 0.71996252625 0.13233427625 0.7145535649999999 0.133441665 0.70715181375 0.12901205625 0.7000347499999999 0.10981701749999999 0.6855159475000001 0.080286215 0.6698584087499999 0.0640442825 0.6627413412500001 0.051862830000000006 0.6627413412500001 0.04762664375 0.66405233 0.04448013000000001 0.666726895 0.04374185625 0.67185118875 0.04743320625 0.68096102 0.05592331 0.691778965
2 0.26339285 0.7472920537500001 0.28701746875 0.7595334 0.3172865575 0.7723441124999999 0.33352850500000003 0.7786071187500001 0.34497168500000003 0.77889181875 0.35641486499999997 0.77604499375 0.36269014875000005 0.77291346875 0.36490498125000004 0.7709207 0.363797565 0.76522705 0.35973708625 0.75896404375 0.34054204749999994 0.74615334125 0.29919893625 0.72992641375 0.28295698874999997 0.72565617625 0.2777890925 0.72565617625 0.26966813375 0.72679491125 0.264069475 0.73020150125 0.2608088875 0.7339119737500001 0.25822495375 0.7378975225000001 0.25822495375 0.74045969125 0.26339285 0.7472920537500001
2 0.40735548125 0.70857522625 0.4221208825 0.71996252625 0.443530725 0.73419665125 0.45275910125 0.73846689 0.46309489249999997 0.741313715 0.47232326874999997 0.74017499125 0.48044422750000004 0.73761286625 0.48376647749999996 0.73590475375 0.48376647749999996 0.731919215 0.47564546125 0.7193931587500001 0.46014180125000004 0.70658244625 0.43430235000000006 0.68750872625 0.42101352249999996 0.67982229625 0.4128925075 0.67839888375 0.405509835 0.67982229625 0.40205754749999995 0.68254564625 0.39849626375 0.68494658 0.3951740425 0.6863699925 0.39628145875000004 0.6940564225 0.40735548125 0.70857522625
2 0.6119955775 0.7808845875 0.61864001875 0.77974585375 0.627499265 0.77889181875 0.6400498337499999 0.77604499375 0.66515102625 0.76693514 0.68914483125 0.7564018849999999 0.7002188825000001 0.74956951125 0.7087089425 0.7353353862500001 0.70649416625 0.7296417362500001 0.7013262425000001 0.72537149875 0.69394354125 0.72537149875 0.6839769075 0.72651022125 0.6721645975 0.7313498262500001 0.63820415875 0.7438758612499999 0.61457953875 0.75440911625 0.6057202925 0.76181086875 0.60350548875 0.7666504625 0.60350548875 0.7694972875 0.60603991625 0.77430094875 0.60682768125 0.77889181875 0.6086733562500001 0.78003053125 0.6119955775 0.7808845875
2 0.8381206225 0.662105265 0.8536242824999999 0.6675142375 0.8879538499999999 0.67577003375 0.91711555125 0.6803249499999999 0.9285587024999999 0.6800402712499999 0.9366796625 0.6774781249999999 0.9403710125000001 0.675485345 0.938894495 0.66609082375 0.92892786125 0.65726567625 0.9038266675 0.64673241 0.86137614 0.6399000312500001 0.8517786062499999 0.6399000312500001 0.8429193887499999 0.6396153525 0.83448171 0.6402244025 0.8318453375 0.64274685625 0.8314762087500001 0.649579235 0.8336910125 0.65641162 0.8381206225 0.662105265
2 0.75875659125 0.7199472312499999 0.7687232537500001 0.72706429375 0.79751576875 0.73560477 0.84402677625 0.7421524650000001 0.8554699562499999 0.74186778625 0.8610069825 0.7373128712499999 0.8591613075 0.7304804862500001 0.84882554375 0.71909318625 0.83110705125 0.7119761237500001 0.79751576875 0.704005015 0.787549135 0.7025816025 0.77647508375 0.70229691375 0.76835409625 0.70286628125 0.76064193875 0.7031728075 0.76134055375 0.7122608012499999 0.76134055375 0.71482294875 0.75728004625 0.71567699375 0.75875659125 0.7199472312499999
2 0.75815510625 0.79140326375 0.769345625 0.8013411925 0.8069865325000001 0.81860181625 0.83818437375 0.8293243175 0.84801851 0.8280166950000001 0.850731325 0.82566298 0.8527659887500001 0.817817245 0.8520877849999999 0.81075608125 0.84225364875 0.79924899875 0.8229245550000001 0.78931106875 0.80495186875 0.7812038137499999 0.79783065125 0.7775424662499999 0.78799651375 0.7764963687499999 0.7768060225000001 0.7757117925 0.77002388 0.77440417 0.76629368125 0.7733580825 0.76066392625 0.77371577875 0.7574769025000001 0.77911161375 0.757137775 0.78303447625 0.757137775 0.7856497225 0.75815510625 0.79140326375
2 0.6260707074999999 0.88546270875 0.6335310525 0.91710718 0.64166962875 0.9364599775000001 0.6464171325 0.9424750500000001 0.65150373875 0.9443057137499999 0.65557301375 0.9443057137499999 0.6660853274999999 0.9388137025000001 0.6711719349999999 0.9304449262500001 0.6732065712499999 0.9215530887500001 0.6708328324999999 0.90220027125 0.6623551550000001 0.8752632687499999 0.656590345 0.8671559925 0.652521045 0.8619255025 0.64912997375 0.85721805375 0.64365175 0.8576803737500001 0.63624392 0.85878720625 0.62980088 0.8616639725 0.62640981 0.86898665625 0.6260707074999999 0.88546270875
2 0.44265374874999996 0.8260966424999999 0.47317338625 0.853033665 0.49250247999999996 0.86610989125 0.5036930237499999 0.8710788599999999 0.50877963 0.8718634325 0.5172573075 0.86794056375 0.5196310475 0.86271007375 0.52064837875 0.85486433875 0.5196310475 0.848064695 0.50945783375 0.8357730512499999 0.47859909500000003 0.81380498875 0.45994820500000005 0.8051746762499999 0.4497749925 0.8028209574999999 0.44439188625 0.8031197225 0.4409582125 0.80752840125 0.438923575 0.81118974375 0.43722804 0.814851095 0.44265374874999996 0.8260966424999999
2 0.3026025375 0.9293988237499999 0.30226340875 0.939859805 0.30565448 0.9440441925 0.30972378125 0.9440441925 0.32091429875000005 0.94822858125 0.336513245 0.9406443862499999 0.34702556 0.9259989975 0.3629635825 0.8906931987500001 0.3629635825 0.88284746375 0.36160715000000004 0.87787851375 0.36025074250000005 0.87630935 0.35685967124999995 0.8747401975 0.35007752875000003 0.8739556462500001 0.33820878125 0.8750017275 0.3229489625 0.88572424875 0.3083673475 0.9129227725 0.3026025375 0.9293988237499999
1 0.12883267874999998 0.36225802875 0.12821875375 0.36557227625000005 0.1261723575 0.36951780624999997 0.12842339 0.37409461625 0.1398832225 0.38277478125000003 0.15277551 0.38672030999999996 0.16587244874999998 0.38892980875 0.17692299250000001 0.38987673375 0.18858744375 0.3920862325 0.2033215075 0.39334880624999996 0.20680037375000002 0.39366444375 0.2078235725 0.3930331575 0.2078235725 0.39113930750000003 0.2065957375 0.38908762750000003 0.20700501124999998 0.38545775374999997 0.2065957375 0.38277478125000003 0.20454934125000002 0.38119656874999996 0.19820551625 0.37646193375000003 0.19227096375 0.372516405 0.18122042125 0.3662035575 0.16177965625 0.36036417249999997 0.14090642 0.35878596125 0.137183425 0.35874995374999996 0.13190227375 0.35847032375 0.1292419525 0.35925943 0.12821875375 0.35989071 0.12883267874999998 0.36225802875
1 0.6536982349999999 0.375532835 0.6717171725 0.3911863425 0.6907716975 0.40380499000000003 0.7087906350000001 0.41338876999999996 0.7179036675 0.41658336375 0.723081525 0.4170625575 0.72660246125 0.41642363625 0.7284664937499999 0.41370822500000004 0.73115898625 0.40731904375 0.7299162875 0.39885336625 0.71914635 0.38735283375 0.69843492 0.37281743 0.68952899875 0.36562959375 0.675238125 0.35876121875 0.66591798125 0.35412905875 0.66281126625 0.3525317625 0.6586689812500001 0.35125392375 0.65597648875 0.35157338375 0.6534911237500001 0.35349013874999996 0.65245555125 0.3558860825 0.6485203762499999 0.358601495 0.64727769375 0.36211554 0.64686345625 0.36738662375 0.6536982349999999 0.375532835
0 0.390684285 0.2456138 0.3665449225 0.24076408875 0.36005367125 0.23966899125000002 0.35782229 0.23951255124999998 0.35680803125 0.23966899125000002 0.3541709675 0.24358005 0.34727400375 0.25765986125 0.344636925 0.265794865 0.34443407625 0.26970593625 0.34585404750000004 0.27173967375 0.3647192525 0.274555635 0.3829759125 0.27596363 0.3910899825 0.27580717875 0.39676983875 0.2754942925 0.40244967875 0.27377342250000003 0.4050867575 0.27111390750000003 0.407318125 0.26923659875 0.40836049875 0.26766940125 0.40833238375 0.26360467 0.40711527625000005 0.259224285 0.40143542 0.25124572749999996 0.390684285 0.2456138
0 0.49301659375 0.40828424249999995 0.49061111250000006 0.41286754875 0.48947911375 0.41483182125 0.48424364875000003 0.41777823249999996 0.4825456625 0.41985163 0.482404155 0.420615515 0.48650763374999995 0.4249805675 0.50249704625 0.43774835625 0.51692996 0.44953398875 0.53164588875 0.46110137625000003 0.53673984625 0.46350216125000004 0.54310731 0.46404779249999994 0.5480597825 0.46273827124999994 0.55103127375 0.46131963374999996 0.55301225375 0.45870060125 0.55541773625 0.45182564 0.55555924375 0.44713320875 0.55159726125 0.43818485500000004 0.54211682 0.42727222249999997 0.52952340125 0.41635959125 0.512118985 0.40402831624999996 0.50815701375 0.4021731725 0.5051855325 0.40009976875 0.5024443749999999 0.3999273025 0.49980856 0.40108190875 0.49966706250000004 0.40250054874999996 0.49669558125 0.40577433625 0.49301659375 0.40828424249999995
0 0.36266561750000004 0.48443711 0.35939647 0.48947952375 0.35633165624999996 0.49042497375000005 0.35531005125 0.48947952375 0.3536754925 0.48995224875 0.35224523750000003 0.49168557625 0.35306252375 0.49341890875 0.35387981125 0.495152235 0.356944625 0.5022431275 0.36143967875 0.51610976125 0.36573043125 0.5269824775 0.3745162225 0.5395885025 0.38657116 0.54762484625 0.395561285 0.54888544125 0.401486595 0.54888544125 0.40455140874999995 0.547152115 0.40925078125 0.5414794024999999 0.40986375 0.5331279025 0.40700325374999996 0.5214673387500001 0.40107794375 0.5038188825000001 0.39474399750000005 0.49089769875 0.39065757875 0.48364923249999997 0.3880014 0.47970984875 0.38449630874999996 0.47728650875 0.3794199275 0.4778189425 0.372268695 0.48049772500000004 0.36716067125 0.48112803249999997 0.36266561750000004 0.48443711