2 0.15798872749999998 0.39978945000000005 0.18091246625000001 0.40542348500000003 0.1954308175 0.40904537625000004 0.21529807625 0.405825925 0.22179312375 0.40260646 0.2240854925 0.396569985 0.2240854925 0.39053351 0.22026486875 0.38570434249999996 0.21300567874999998 0.38248487625000005 0.19390256250000001 0.37926542625000004 0.17288913375 0.37483868375 0.164483775 0.37282652624999996 0.15760664125 0.37161923375 0.15034748 0.3712167925 0.14243835000000002 0.37715501125 0.14041383625 0.381277585 0.14003178 0.38650919375000004 0.1465268575 0.39214327375 0.15798872749999998 0.39978945000000005
2 0.2546504775 0.44727638375 0.2546504775 0.45934933375 0.25694284625 0.46377607625000006 0.26229172375 0.46619066 0.27069711375 0.46377607625000006 0.28254103875 0.44284964125000004 0.29247465375000004 0.4195085925 0.29820558875 0.40461861875 0.30317241125 0.39616759 0.3050827225 0.39093595125 0.3050827225 0.38610676750000006 0.3050827225 0.38369218375 0.30317241125 0.37926542625000004 0.2952897075 0.3801714475 0.28292309625 0.39053351 0.26878680125 0.41306969250000003 0.25847110125 0.433191275 0.2546504775 0.44727638375
2 0.32915263125000005 0.31487635999999997 0.34176070000000003 0.33016876000000006 0.35780730624999996 0.34908305125 0.36926917625 0.36075357625000004 0.38149515875 0.36075357625000004 0.38799026499999995 0.35833897625 0.39142880249999995 0.35310736875000004 0.38991366125 0.34605569 0.37920282 0.3317784925 0.36162792875 0.31165691 0.347416785 0.29721590249999996 0.34289567374999996 0.29333972875000003 0.33818367375 0.29090327875 0.33471397625 0.29046028625000003 0.3292036025 0.29269481249999996 0.325714065 0.296766935 0.32533200875 0.30159611875 0.32686026375 0.30883988500000004 0.32915263125000005 0.31487635999999997
2 0.34443512499999995 0.49395845 0.32533200875 0.505628975 0.31272396874999997 0.51408003375 0.30928540250000003 0.5189092325 0.30699303375 0.524140825 0.30928540250000003 0.5301773 0.31272396874999997 0.53379919125 0.31998313 0.5350064987500001 0.34214275625 0.52816514125 0.35322257 0.52172624125 0.3570431925 0.51729949875 0.36659475125 0.51448245875 0.37232568625 0.51086059875 0.37805662125 0.50643382625 0.38225932999999995 0.4995925 0.3856978675 0.4951657575 0.384933755 0.49275117375 0.38126859625000004 0.48775765374999996 0.376528395 0.484300085 0.37194360000000004 0.484300085 0.3639202975 0.48631224250000005 0.34443512499999995 0.49395845
2 0.46971279375 0.2991815425 0.47582578499999995 0.30360827625 0.49645715625000003 0.314473935 0.51364996125 0.32332743375 0.5312248225 0.3317784925 0.53810195625 0.33258336 0.5426866925 0.32976633499999997 0.54879968375 0.32292499375 0.54459700375 0.31407149375 0.53389927625 0.30280341 0.52243740625 0.29435234375 0.49760335499999997 0.28348669375 0.48766971124999997 0.27905995875 0.478882295 0.27865751 0.4744123925 0.27962359 0.46971279375 0.28348669375 0.4678024825 0.28751101 0.467420425 0.29435234375 0.46971279375 0.2991815425
2 0.6435511525 0.3024009775 0.6393484724999999 0.31044961 0.64164084 0.31890067625 0.6466076624999999 0.324132285 0.65692333375 0.324132285 0.6630363250000001 0.31729096 0.67067757125 0.30723017625 0.6821394412499999 0.29435234375 0.6981860475 0.27905995875 0.7020066699999999 0.272621035 0.70468115375 0.26819429375 0.70321176875 0.25901128 0.69971433125 0.25732863500000003 0.68672420625 0.261755385 0.6710596275 0.26980401875 0.6435511525 0.3024009775
2 0.54039432375 0.43882530875000003 0.5358095875 0.45210555125 0.53466338875 0.46538580875 0.5354275024999999 0.47182470875 0.53963021125 0.475849025 0.54536114625 0.47745875875000005 0.5503279387500001 0.47665390750000003 0.55338444875 0.47464174875 0.5587333275 0.46860527374999994 0.5644642625 0.46015418500000005 0.56752074375 0.45250800750000003 0.58127498125 0.42353290875 0.585095605 0.41387455875 0.585095605 0.41105753375 0.58051086875 0.40502105875 0.56904899875 0.40461861875 0.55987949625 0.41025269875 0.55109208125 0.4191061675 0.54039432375 0.43882530875000003
2 0.670295515 0.42433780624999995 0.67411613875 0.4311791175 0.678700875 0.43077667625 0.6886345187499999 0.42232564875 0.7039169825 0.40904537625000004 0.7161430237499999 0.384497035 0.72072776 0.37282652624999996 0.7203456737499999 0.36236329375 0.7195815612500001 0.35793655125 0.71690713625 0.35471710125 0.7149968250000001 0.3527049425 0.708943695 0.35101256875 0.70277084125 0.35310736875000004 0.6916910000000001 0.36960707625 0.6733520249999999 0.41025269875 0.670295515 0.42433780624999995
2 0.6695314025000001 0.49906453624999997 0.69207305625 0.5063083174999999 0.71155822875 0.51153991125 0.7195815612500001 0.51274721875 0.72798692 0.50993017875 0.73180754375 0.50590586125 0.7329537424999999 0.49986938625 0.7287510337499999 0.49463779375 0.7214918725 0.48860131875 0.70277084125 0.48055267 0.67488025125 0.47049187875000004 0.6622722125 0.46767486875000003 0.651624435 0.47166999750000005 0.64890003 0.47652835375 0.6481358887499999 0.4849794275 0.6550130212499999 0.492625635 0.6695314025000001 0.49906453624999997
2 0.8032531875 0.53085664375 0.8208280775 0.52280801 0.83076172125 0.5155642275000001 0.84222359125 0.5030888525 0.8414594200000001 0.49705237750000003 0.83993119375 0.492625635 0.8345823450000001 0.48860131875 0.8257949000000001 0.48900374375 0.80516349875 0.49946696125 0.78988100625 0.504698585 0.77574471125 0.51113748625 0.76657523875 0.5183812675 0.7623725299999999 0.522405585 0.7623725299999999 0.52683232625 0.7633969912499999 0.53350692875 0.7719240875 0.53850285125 0.78300393 0.53850285125 0.8032531875 0.53085664375
2 0.7238980137500001 0.6153258524999999 0.7208415024999999 0.63263041 0.7181670787500001 0.6515447012500001 0.7196953337499999 0.66643467625 0.72351595625 0.674885735 0.7265724375000001 0.67850762625 0.73574194 0.67770279 0.74032667625 0.6696541575 0.7449114412500001 0.6418863349999999 0.7479679225 0.6213623275 0.7475858662500001 0.61089911 0.7475858662500001 0.6040577687500001 0.74381291 0.59735481875 0.7395625625 0.59480184375 0.73459574125 0.5943994025 0.72886480625 0.6032529025 0.7238980137500001 0.6153258524999999
2 0.79381540125 0.7119094825000001 0.7861741550000001 0.7364577925 0.7834997300000001 0.75456721625 0.7854100425 0.76261585 0.78732035375 0.7670425925000001 0.79305128875 0.7702620575 0.7987822812500001 0.77106690875 0.80413110125 0.76623774125 0.8144467725 0.74651858375 0.8205597937500001 0.7179459575 0.8217059925 0.69862921 0.8217059925 0.6913854425 0.819413595 0.68655626 0.8159750575 0.6821295025 0.8087747375 0.6787985825 0.80298490375 0.6817271075 0.8003104787499999 0.68494652625 0.79725396875 0.6913854425 0.79381540125 0.7119094825000001
2 0.6082853450000001 0.5561683937499999 0.5891822287499999 0.55415623625 0.5781024437500001 0.55415623625 0.57122528125 0.554558685 0.56167372375 0.55737569375 0.5551786750000001 0.56180244375 0.552122165 0.5670340525 0.55174010875 0.5746802675 0.55594278875 0.5799118612499999 0.5654943462500001 0.58192401875 0.5773382725 0.58192401875 0.5888001425 0.58192401875 0.61363419375 0.5851434775 0.62777054625 0.58554591 0.6335014812499999 0.58272890125 0.634265595 0.5791070025 0.63538397875 0.5732233325 0.6335014812499999 0.56904621125 0.6262422625 0.56220486875 0.6193651287499999 0.55858300125 0.6082853450000001 0.5561683937499999
2 0.62968085875 0.62860609375 0.6426709537499999 0.647520385 0.6610099574999999 0.67287357625 0.6697974025000001 0.68092221 0.6755283375000001 0.68132465125 0.68049510125 0.67971494875 0.6839336975000001 0.67770279 0.6854619225 0.67448331 0.68469781 0.66562981 0.6816413 0.65556901875 0.678966875 0.6503374100000001 0.67208974125 0.644300935 0.66635880625 0.63343527625 0.65375073875 0.61774043625 0.6476377762500001 0.61411856 0.6419068412500001 0.611301535 0.63694001875 0.61009424375 0.63251801625 0.61042604 0.6292987725 0.6121064012499999 0.62815257375 0.6157282775 0.62815257375 0.620155035 0.62968085875 0.62860609375
2 0.503218205 0.61935016875 0.5173544987500001 0.6447033600000001 0.53034462375 0.65878846875 0.5437168062500001 0.666032235 0.5486836275 0.66643467625 0.55594278875 0.6608006262499999 0.5586172425 0.65436172625 0.55021185375 0.6382644599999999 0.53301904875 0.61411856 0.52041101 0.5968140012500001 0.5185006975 0.59359453625 0.5126252325 0.5913219475 0.50551057375 0.591582385 0.50207200625 0.596009135 0.49863344 0.604862635 0.503218205 0.61935016875
2 0.43750346749999997 0.6459106525 0.42986222124999995 0.6583860425 0.4275698525 0.668446835 0.42795190875000005 0.674885735 0.4363572975 0.68132465125 0.44743711124999996 0.678105185 0.4650119725 0.653959285 0.4757097 0.6382644599999999 0.48258683374999994 0.62699637625 0.48449714499999996 0.62095990125 0.48296889 0.6153258524999999 0.477237955 0.611301535 0.46959670875 0.61009424375 0.4546962725 0.61975259375 0.43750346749999997 0.6459106525
2 0.45431421499999997 0.5774972775 0.45966309375000003 0.5746802675 0.46233751875 0.57065595125 0.46004514999999996 0.5642170275 0.45546041375 0.55898541875 0.4493474225 0.554558685 0.43291873125 0.55415623625 0.4000613775 0.5609975775 0.38898156375 0.5654243275 0.38057620375 0.56944864375 0.37522732625000005 0.57387538625 0.37601433125 0.5802616825 0.38248651625 0.58876537625 0.39815106499999997 0.5911799525 0.44017792125 0.58272890125 0.45431421499999997 0.5774972775
2 0.28888123125 0.61935016875 0.2919377275 0.62377691125 0.3007251575 0.62820366875 0.31600765 0.632227985 0.34695470749999996 0.6426912025 0.35612420875 0.64389849375 0.3641475125 0.64389849375 0.36758607875000004 0.63786201875 0.3698784475 0.6338377024999999 0.36873224875 0.6278012275 0.35727037875 0.61774043625 0.338931405 0.61009424375 0.321738585 0.6032529025 0.3007251575 0.6004358775 0.2952897075 0.60037125375 0.288499175 0.60526506 0.28697092 0.61009424375 0.28697092 0.6157282775 0.28888123125 0.61935016875
2 0.14757610124999998 0.59313263625 0.13764248625 0.6036553275 0.13305775 0.611301535 0.13191155125 0.61653314375 0.13458600499999998 0.6217647525000001 0.13840662874999998 0.62498421875 0.14834024375 0.62377691125 0.16209448125 0.61371611875 0.18005139875 0.59842371875 0.19380566625 0.5875580687499999 0.199154515 0.58192401875 0.20106482750000002 0.5778997025 0.2025930825 0.5742778187500001 0.19975760999999997 0.5681959400000001 0.19648009 0.56461947625 0.1896029575 0.5642170275 0.15980211375 0.58192401875 0.14757610124999998 0.59313263625
2 0.23442364000000002 0.69441569125 0.23022096125000002 0.6936108324999999 0.22449002624999997 0.69441569125 0.21990527499999998 0.6988424562500001 0.21875909125 0.70447648375 0.21952320375 0.70930566625 0.22372589874999999 0.714537275 0.22983889000000002 0.7205737499999999 0.2435931425 0.7258053662499999 0.26537069750000003 0.7290248312500001 0.2795069925 0.7298296825 0.28905854999999997 0.727817525 0.29746393875 0.72419563375 0.30319487375000004 0.72178105 0.3012845625 0.71695188125 0.30006631250000004 0.7084602 0.294789485 0.70326919125 0.28179936 0.70045216625 0.25314468625 0.6972327162499999 0.23442364000000002 0.69441569125
2 0.30510518625 0.8266829699999999 0.31389260125 0.8403656525 0.3242083025 0.8524386024999999 0.32955715124999996 0.8572677849999999 0.3345239725 0.8568653437499999 0.33796254 0.8500240025 0.339490795 0.83996321125 0.33184954875 0.82024406875 0.31520028499999997 0.7876894299999999 0.308905995 0.7780328900000001 0.30616934749999997 0.7750062087499999 0.30006631250000004 0.77431904625 0.29631774 0.780000895 0.29517154125 0.78845196125 0.29746393875 0.805354095 0.30510518625 0.8266829699999999
2 0.39565394499999995 0.80897598625 0.3990925125 0.82708541 0.40826201375 0.83231701875 0.41819562875000005 0.8254756775 0.42163419500000004 0.8061589612500001 0.42010593999999996 0.79770788625 0.42354450625 0.7820130537500001 0.42430861999999997 0.76309877 0.42392656375000004 0.75424527 0.42010593999999996 0.7478063699999999 0.41743148625000004 0.7437820525 0.4108835475 0.7381218174999999 0.40482344750000004 0.7393553025 0.40023868125 0.74579421125 0.39794631375 0.769135245 0.39565394499999995 0.80897598625
2 0.73860658125 0.81226210875 0.727908825 0.840432325 0.7198855212499999 0.8561271587500001 0.7198855212499999 0.86618795 0.7263805987499999 0.8730292912500001 0.730965335 0.8746390087499999 0.73860658125 0.8726268500000001 0.7508325637500001 0.8561271587500001 0.75962000875 0.83479827625 0.76535094375 0.8174937325 0.7661150575000001 0.80904265125 0.7661150575000001 0.8038110425 0.7649688874999999 0.7973721337499999 0.75962000875 0.7933478175 0.7550352725 0.79254295125 0.74930433875 0.79375025125 0.7431913175 0.8009940175 0.73860658125 0.81226210875
1 0.15256565875 0.23617303 0.157898805 0.24410358 0.16521880125 0.25093266375 0.16961079625 0.25390661999999997 0.17745364875 0.263158925 0.18634221499999998 0.2726315225 0.19533535125 0.27747797125 0.20380563124999998 0.27979104625 0.20997534375000002 0.28188383125 0.21499477250000001 0.28276500625 0.21928220499999998 0.28144324375 0.22158277250000002 0.27913016875 0.22200105125 0.27780841375000004 0.2213736325 0.27505475125 0.223255905 0.2725213775 0.22398791750000002 0.269547425 0.22398791750000002 0.2678952275 0.22294220374999998 0.26525171000000003 0.22074619875 0.26183717 0.21363534125 0.25555881875 0.20359649125 0.2467470975 0.19198907125 0.24157021125 0.18885193 0.241790505 0.18581935875 0.24168035499999999 0.1824730775 0.23650346875 0.174630225 0.22813233624999998 0.1641730875 0.2214134025 0.1604085125 0.22130325125 0.15756401125 0.2214549525 0.1518336625 0.22405691375 0.1502650925 0.22636999375 0.15036966124999998 0.23011497250000001 0.15256565875 0.23617303
1 0.55460962125 0.8212984262499999 0.5576687175 0.819101475 0.5625354687499999 0.8139752575 0.5718518275000001 0.79932892 0.5829758300000001 0.7766270975 0.5929874275 0.7640312437500001 0.5966027375 0.75626868625 0.59535127375 0.7531929574999999 0.5863130225 0.7486525924999999 0.5771357325 0.7483596699999999 0.561423075 0.7619807575 0.55182862 0.77501599625 0.54334657 0.79317746875 0.5400093675000001 0.81324294 0.54126082 0.81749038 0.54612757125 0.8199802525 0.549325715 0.8214448862499999 0.5519676675 0.82188428125 0.55460962125 0.8212984262499999
1 0.6180638525 0.7883441675 0.6080522537499999 0.791712835 0.60137784875 0.7943491625 0.5997092525 0.79757137 0.6012388 0.8040157487499999 0.60610555125 0.8089955000000001 0.61055514875 0.81324294 0.61848100625 0.81646513 0.62877070125 0.8161722075 0.65366065875 0.8129500175 0.659639815 0.81046013375 0.6668704124999999 0.80474806625 0.6725714725 0.80079355375 0.67410101 0.7985966025000001 0.67437912625 0.7965461137500001 0.67312766375 0.79420270125 0.67243241375 0.7925916012499999 0.6714590675 0.7909805062499999 0.67062475875 0.7883441675 0.6678437587499999 0.7854148999999999 0.663950375 0.78395026625 0.6529654087500001 0.78321794875 0.6180638525 0.7883441675
1 0.49327589000000005 0.91387023625 0.48379285625 0.929186105 0.4825284525 0.93617813625 0.48379285625 0.94083949375 0.48600555999999995 0.9441690312500001 0.48948267375 0.94516789125 0.49406614249999997 0.9448349412500001 0.50133646625 0.94083949375 0.50971315 0.9335145075 0.5147707637500001 0.9260230475 0.5327885299999999 0.9048804812500001 0.53531733625 0.8963901624999999 0.53753004625 0.8859021125 0.5406910575 0.8750811175 0.54021690125 0.87258396375 0.5380042025 0.8710856724999999 0.53552836625 0.8694056862499999 0.5335787825 0.86742318 0.52725676 0.8705862462499999 0.51398051 0.88573563875 0.49327589000000005 0.91387023625
1 0.8213670175 0.61987278375 0.82783437 0.6237654362499999 0.8362650225 0.62656329375 0.8457350812500001 0.6271715225 0.8590162537499999 0.62704986875 0.86941021625 0.62461695625 0.87414525 0.61975113125 0.87645501875 0.6191429025 0.8841927425 0.61889961 0.88915875 0.6182913825 0.8935472975000001 0.61598011375 0.89539512 0.61220910125 0.8938937662499999 0.60855973125 0.89019813875 0.60551859125 0.87691696625 0.60235580125 0.8713735162499999 0.60259909375 0.862942855 0.5991930175 0.84215494 0.5978549175 0.8256400875 0.6006527662500001 0.8202121325 0.60442377875 0.81617003625 0.60795150375 0.81651649625 0.610992645 0.8173249212499999 0.61415542875 0.81709393875 0.61622340625 0.8180178499999999 0.6171965699999999 0.8213670175 0.61987278375