2 0.2728496775 0.25541149375 0.27459023625 0.28272532 0.27911569750000004 0.29953383375000003 0.286426035 0.30618720125 0.291995815 0.30828826 0.29721748875 0.30548684375 0.3000023925 0.29673241125 0.29965428625 0.2603139875 0.2968693825 0.23790262875 0.29547693124999996 0.23300015125 0.29338826749999997 0.22949837875 0.288634405 0.2284417775 0.283989265 0.22774749249999998 0.28050814875 0.22914819625 0.27737513875 0.23650192375 0.2728496775 0.25541149375
2 0.1562323075 0.35206042125000003 0.153447405 0.35906396749999997 0.153447405 0.36291592500000003 0.15414363125 0.36676787 0.15901719875 0.36991947125 0.16632753625 0.37026964375 0.17398599375 0.36886894249999996 0.18477746125 0.36431662625 0.1993981375 0.35906396749999997 0.21401884 0.35171025 0.21924051375 0.34820847625 0.22481029374999997 0.3419052875 0.22794330375000002 0.3377031575 0.22898762250000002 0.33490174250000004 0.22968386249999997 0.33210032624999997 0.22596348249999998 0.32643288750000005 0.22272163 0.32264553625 0.21436694625000002 0.32299570875 0.18234066375000002 0.33595227125 0.1562323075 0.35206042125000003
2 0.327689745 0.44275635874999997 0.32037940625 0.4501100775 0.30715118125 0.45956485375 0.29670783375 0.46726877 0.29183426625 0.473571945 0.290441815 0.47777408875 0.2897456025 0.4823263775 0.29078992124999997 0.48652852125 0.293574825 0.48862957875 0.30018895 0.49003029374999996 0.30575873000000003 0.48862957875 0.31272096250000003 0.48302674875 0.32629731999999995 0.47427231625 0.33882933125000003 0.46621822749999997 0.349620785 0.46026522375 0.35588680500000003 0.45466236625 0.35797546875 0.45081042125000004 0.35652790375000004 0.44192241125000004 0.35240568875 0.43750369999999994 0.34683588249999997 0.43680332875 0.3381330925 0.43820404375000005 0.327689745 0.44275635874999997
2 0.38271034875 0.51137751625 0.38305845499999996 0.5176806912499999 0.38514711875 0.52258317875 0.38758391625 0.5257347800000001 0.39315369625 0.52608495125 0.39872347625000004 0.52328354875 0.40498949625 0.51978177625 0.41264794000000005 0.51242803125 0.41612905625 0.5040237975 0.4177816025 0.49771955125 0.4230897825 0.49141739375 0.42587619125000004 0.48021173125 0.4262242975 0.473208185 0.42413563375 0.46690498374999995 0.42343939375 0.46340321 0.42135073 0.46095198000000004 0.41404039125 0.4613021525 0.4063804425 0.46375340875 0.3990715825 0.47180747125000005 0.3847990125 0.502973255 0.38271034875 0.51137751625
2 0.48454487749999997 0.28440147374999997 0.49707689 0.28860359125 0.50926079625 0.2907046625 0.5224890475 0.28895377624999996 0.53885028125 0.28720289 0.55173042625 0.2823004025 0.55730020625 0.27879862875 0.558344525 0.274596505 0.5548634087500001 0.26934384625 0.5458125125 0.26444135875 0.5210965949999999 0.2637410075 0.49986179375 0.26444135875 0.49255145499999997 0.26514172874999997 0.48558922375 0.26724278125 0.48012888875000004 0.2708754275 0.47967131 0.274596505 0.47862699124999997 0.27704774249999997 0.47862699124999997 0.279849165 0.48454487749999997 0.28440147374999997
2 0.57052843 0.397158565 0.57122467 0.40346173999999996 0.57400954625 0.40766388374999996 0.57818690125 0.4087144 0.58201612375 0.40941477 0.58514913375 0.40906459875 0.5959405875 0.3975087375 0.60429527125 0.37684827125 0.609516945 0.3460326725 0.6060358287500001 0.33692806750000004 0.60220660625 0.333426295 0.5966368 0.33167540875 0.59002270125 0.33482699625 0.5841047875000001 0.34708320125000003 0.57400954625 0.37999987249999995 0.57052843 0.397158565
2 0.75888451375 0.30041292875 0.7641061874999999 0.3203730375 0.7682835162499999 0.32632605374999996 0.7721127375000001 0.33157871375 0.77559385375 0.3326292425 0.780119315 0.33052818375000004 0.78534098875 0.32772676875 0.78742965375 0.31827197875 0.78534098875 0.29621081875 0.7804674212499999 0.26364432 0.77907497 0.25909201 0.7762900924999999 0.256290595 0.7695466875 0.2560017775 0.765846745 0.25664077375 0.76027693875 0.26154325375 0.7578401675 0.28115318375000004 0.75888451375 0.30041292875
2 0.7195478925000001 0.45344040874999997 0.73625726 0.461144325 0.7446119175 0.45939343875 0.74878927125 0.45659201000000005 0.75018172375 0.45168952249999994 0.7467006075 0.444335805 0.7366053662500001 0.43277994375 0.71676299 0.41492090625000005 0.70388287125 0.40371523000000004 0.697964985 0.40056364250000004 0.69239517875 0.40196434375 0.6881615325 0.40473828375 0.68404052125 0.40896789 0.6843886275 0.4156212775 0.69518008125 0.43277994375 0.7195478925000001 0.45344040874999997
2 0.87863490625 0.44923829249999997 0.89986968125 0.44468597625 0.9214526424999999 0.4401336875 0.9291110874999999 0.43418065749999996 0.931199725 0.42717711125 0.9301554324999999 0.422974995 0.92702239625 0.41947322249999996 0.9224969350000001 0.41667179249999997 0.9106611625 0.417021965 0.8713245412499999 0.42437570999999996 0.85844442375 0.42927816999999996 0.85322275 0.4352312 0.85354313125 0.44061003 0.8553114399999999 0.444335805 0.8650585225 0.44713723375000003 0.87863490625 0.44923829249999997
2 0.783252325 0.5261466325 0.7752457475 0.54085408125 0.774549535 0.5545110012500001 0.7773344125 0.5604640175 0.782556085 0.56256507625 0.78673344125 0.56116436125 0.79648054875 0.5524099287500001 0.8079682425 0.5345508925 0.82363326375 0.50513600125 0.8250256887499999 0.49953316375 0.8253738224999999 0.495681225 0.82177245625 0.49048050625 0.81597482 0.489027845 0.80727200375 0.4921794525 0.7961324437499999 0.504085465 0.783252325 0.5261466325
2 0.8835084474999999 0.636802665 0.88942633375 0.64835852625 0.8949961399999999 0.652910815 0.9005659475000001 0.652910815 0.9061357 0.649759215 0.90892060375 0.64625744125 0.90822439125 0.63750300875 0.9033507975 0.61684258375 0.89778104375 0.5954817475 0.8946480075 0.58497642875 0.89290745 0.58112447 0.8911668912499999 0.5776226975000001 0.8842046600000001 0.5783230537499999 0.8772424275 0.57902341125 0.8765462150000001 0.5968824487500001 0.8789829862499999 0.62279557375 0.8835084474999999 0.636802665
2 0.75087793625 0.61859347 0.7442638100000001 0.62174504375 0.74113080125 0.6245464599999999 0.7400864825 0.6280482325 0.7400864825 0.6319001775 0.74287135875 0.63645249375 0.74878927125 0.64065461 0.7735051900000001 0.64135498125 0.80831634875 0.634351435 0.8215445737500001 0.62384613 0.8195963825 0.61646907625 0.8152786075 0.6101891825 0.80448712625 0.60808815125 0.7748976412499999 0.61369095625 0.75087793625 0.61859347
2 0.634956765 0.62139485875 0.635653005 0.63750300875 0.63913412 0.6473079837500001 0.6443557950000001 0.649759215 0.65027368125 0.6490588700000001 0.6547991424999999 0.6469578125 0.658628365 0.639253895 0.6610651350000001 0.623145745 0.6638500387499999 0.5898789025 0.6638500387499999 0.5804241125 0.6628056925 0.57552163875 0.6610651350000001 0.573070395 0.65552042625 0.5722855849999999 0.6506217875 0.57201986625 0.6426152362499999 0.57902341125 0.63669732375 0.59162978875 0.634956765 0.62139485875
2 0.564638235 0.6420553250000001 0.5809994825 0.6487086987499999 0.59457582625 0.6494090425 0.60293051 0.652910815 0.618247425 0.652910815 0.62520965625 0.64660764 0.62346909875 0.63855355125 0.61685497375 0.63295072 0.5924871625 0.6252468175 0.5674231249999999 0.616492385 0.5618533450000001 0.6147414987500001 0.555935445 0.6143913125 0.55106889 0.6177814575 0.547232655 0.6220952425 0.5465364287500001 0.6248966325 0.54932131875 0.6308496625 0.564638235 0.6420553250000001
2 0.49224227374999996 0.5979329775 0.48562817375 0.6063372650000001 0.47727346375 0.6196439725 0.47344426875 0.628398405 0.47239992375 0.63400123625 0.47344426875 0.63820338 0.47483669375 0.64065461 0.4786659425 0.6431058675 0.4824951375 0.6431058675 0.488064945 0.64065461 0.49850829249999995 0.62944893375 0.524964795 0.601084605 0.53157889375 0.593380675 0.53331945125 0.59092943125 0.533667585 0.5884782012499999 0.52843772375 0.5827846325 0.5246166625 0.5804241125 0.5186987750000001 0.5804241125 0.5082554275 0.5846262425 0.49224227374999996 0.5979329775
2 0.40625872125 0.57061915125 0.3839796 0.59057928625 0.37771358125 0.59618209125 0.37458054500000004 0.60423618 0.37353627875 0.60843829625 0.37492867750000003 0.61264042625 0.37840979375000006 0.61754291375 0.38293525500000003 0.6199941575 0.38606823749999997 0.6199941575 0.39651158625 0.61194006875 0.41391716500000003 0.5975828325 0.43758876375 0.57552163875 0.4417660925 0.57131950875 0.44315857125 0.5681679075 0.44350665 0.56606684875 0.44139477624999995 0.5591617750000001 0.43793689625 0.5552113587499999 0.43201895749999997 0.5548611725 0.42122753 0.5594134749999999 0.40625872125 0.57061915125
2 0.29312245375 0.50373528625 0.27397631624999996 0.50548617375 0.26910274875 0.50723706 0.2666659775 0.50898794625 0.26457728750000004 0.51424060625 0.263881075 0.5170420275000001 0.26492542 0.5208939725 0.26875464250000003 0.52439574625 0.28163476 0.52859787625 0.30495825249999997 0.53104912 0.32340815125 0.529648405 0.3324590475 0.52789751875 0.337332615 0.52544628875 0.34011751875 0.52404557375 0.3422061825 0.5219445149999999 0.34477710500000003 0.51541574375 0.34359863375000005 0.5103886612499999 0.33976941250000003 0.50583635125 0.32271193875000004 0.50373528625 0.29312245375 0.50373528625
2 0.2088794325 0.6441563825 0.20156909375 0.6487086987499999 0.2001766425 0.6511599287500001 0.19982853625 0.6546617025 0.200524775 0.65991436125 0.2043539975 0.664116505 0.223500135 0.664116505 0.23707649249999999 0.66096490375 0.263881075 0.650459585 0.27641308625 0.64135498125 0.27780553874999997 0.636802665 0.278153645 0.63295072 0.278153645 0.63049946375 0.2747075325 0.62696812375 0.2680584025 0.6248966325 0.25239338125 0.628398405 0.22001901875000002 0.6389037237499999 0.2088794325 0.6441563825
2 0.0889343825 0.5643180525 0.0955485075 0.5737728425 0.100422075 0.57727461625 0.10599185625 0.5779749725 0.11121352999999999 0.5744732 0.11469464500000001 0.568870355 0.11469464500000001 0.5576646787499999 0.10599185625 0.5236974925 0.1042512975 0.51319218 0.10111828875000001 0.50688897875 0.098333385 0.503387205 0.08974127 0.502729395 0.08371270875 0.51039075125 0.080927805 0.5236974925 0.08406081500000001 0.5478597175000001 0.0889343825 0.5643180525
2 0.29653181125 0.78004505625 0.30627894625 0.795803035 0.31463360375 0.80350692375 0.31950717125 0.8031567525 0.32542508374999995 0.7982542650000001 0.32577319000000005 0.7916009037499999 0.32368452625000005 0.77899451375 0.3170704 0.7576337037499999 0.312893045 0.74607785625 0.31010816875 0.7404750175 0.307323265 0.7355725375 0.30488649500000004 0.7327711287500001 0.298620475 0.7320707575000001 0.29339880125 0.7352223587500001 0.290613925 0.7425760825000001 0.28991768625 0.7569333462500001 0.29653181125 0.78004505625
2 0.41036429124999996 0.7898500175 0.39783227875 0.8140122425 0.390173835 0.8318712925 0.39052194125 0.83747412375 0.39435116375 0.8413260825000001 0.3974841725 0.8437773125 0.40166150125 0.844827855 0.40618696249999997 0.844827855 0.41245298249999995 0.83852465375 0.42185198375 0.822766675 0.43438399625 0.7979040924999999 0.43995377625000004 0.7863482449999999 0.44030190875 0.7828464725000001 0.44030190875 0.78004505625 0.43925756374999997 0.777943985 0.4347321025 0.77479240375 0.431947225 0.77234114625 0.4267255525 0.7733916825 0.4173265225 0.7814457575 0.41036429124999996 0.7898500175
2 0.55657118625 0.806658525 0.57084373 0.8168136724999999 0.5854644587500001 0.8238172174999999 0.60287003875 0.83047057875 0.61435767875 0.83047057875 0.6206236975 0.8276691624999999 0.6230604675 0.8238172174999999 0.62445294625 0.8182143737500001 0.62166930875 0.8135132475 0.6004381325 0.79985333375 0.56527397625 0.7842471725 0.55935609 0.7814457575 0.5554210375 0.78314145625 0.5506533 0.7842471725 0.54856460875 0.7894998325 0.5503051674999999 0.79615320625 0.55657118625 0.806658525
2 0.46049236625 0.93237216625 0.47476496249999994 0.9386753675 0.48486017750000004 0.9407764262499999 0.49251862125 0.9414767962499999 0.49530352499999997 0.937624825 0.4980884275 0.92852022125 0.4966960025 0.9250184475000001 0.48137906125 0.9127622424999999 0.4444792375 0.88930036125 0.4389094575 0.88930036125 0.43051440874999997 0.89075669375 0.42811800375 0.8970042637500001 0.43055477375 0.9064590674999999 0.44273868 0.91976578875 0.46049236625 0.93237216625