2 0.1144009675 0.35837871125 0.11028763375 0.3633979775 0.10823096625 0.36758069125 0.10857374 0.37064801 0.11405819375 0.37483074625 0.1236560075 0.37957113625 0.13633880874999998 0.37984998 0.14970718249999998 0.37510956749999996 0.1706166775 0.3633979775 0.19392563875000002 0.34917674249999997 0.20180953375000002 0.33941707625 0.20729401374999998 0.33133050124999996 0.20592289375 0.328542025 0.20150300625 0.32508156499999996 0.1966678525 0.32268621875000003 0.1812428125 0.32352276 0.15210662375 0.33523436125000006 0.1144009675 0.35837871125
2 0.17815782500000002 0.42898417875 0.15450609 0.44153232125 0.14010936875000002 0.45045545750000004 0.13188270125 0.4565900975 0.128112115 0.4613304975 0.12674102125 0.46634976375000003 0.1301688075 0.47304211 0.14148048875 0.47610943 0.1603333175 0.47276326750000003 0.190840625 0.45909973 0.21586348125000002 0.4443207975 0.22614684125 0.43456113125 0.22409014875 0.43149381124999997 0.2190734525 0.42610348375 0.21449236124999999 0.42312838375 0.20558012 0.421734145 0.19529675875 0.42284953000000003 0.17815782500000002 0.42898417875
2 0.40948589875 0.27705301250000003 0.40948589875 0.283466505 0.41599870000000005 0.31190896375 0.42251147375000003 0.32919753999999996 0.4307381675 0.3353321675 0.43999320750000004 0.33812064375 0.44547766125000005 0.33951488249999995 0.44993376875 0.3364475525 0.45404712875000003 0.33114945375 0.45541824875000003 0.32473596125 0.4478771025 0.29629350125 0.43553707375 0.26227409125 0.4293670475 0.25781253875 0.42491093999999996 0.25753367875 0.42045480625000003 0.25753367875 0.41668424625 0.25613944125 0.41325646 0.25725483125 0.4111997925 0.2639471775 0.40948589875 0.27705301250000003
2 0.495523345 0.34592839625000005 0.49997947875000004 0.34676491624999994 0.5064922525 0.34648607249999996 0.5160900925 0.34397644 0.54591182875 0.33142829749999997 0.56784964375 0.319716695 0.5801896974999999 0.30772625000000003 0.57950415125 0.30187045375 0.5747052175 0.29685119875 0.56510740375 0.29322617125 0.54796846875 0.29294732875 0.5304867875 0.30103391375 0.5027216925 0.31553398125 0.49072443875 0.32445710624999996 0.48352609125 0.33142829749999997 0.48562997 0.33797056875000003 0.487639425 0.34146681749999996 0.490381665 0.3434187425 0.495523345 0.34592839625000005
2 0.6814206475 0.28988000875000003 0.6944462475000001 0.30131275750000003 0.7064435025 0.3082839475 0.7119279825 0.308841645 0.72049745 0.3052166275 0.72563913 0.29852428124999997 0.7263246762500001 0.29071655 0.7198118499999999 0.28123572625000004 0.69067566125 0.243312455 0.67593622 0.2318797025 0.6697661925 0.22992776625 0.6639057125 0.23172337875000001 0.6591400325 0.23466817875 0.6581116862499999 0.24861055875000002 0.6622250725000001 0.26311063125 0.6814206475 0.28988000875000003
2 0.77876982625 0.32250517125 0.78459705375 0.2982454375 0.78459705375 0.26255294 0.78014092 0.25781253875 0.77328534625 0.25558174875 0.7588886524999999 0.25920677625 0.749976385 0.26785104375 0.7468913975 0.28374535875 0.7441491587500001 0.31218781875 0.74552025125 0.32055324625 0.747576945 0.32668788499999996 0.7510047324999999 0.33588986499999995 0.7561464125 0.33784179000000003 0.7603288899999999 0.33657716375 0.7681436662500001 0.33561101125 0.77431369375 0.33170715125 0.77876982625 0.32250517125
2 0.87462429875 0.30494526499999997 0.8821654449999999 0.31470493125 0.915072195 0.33255118250000004 0.9339250749999999 0.3384069775 0.9459223025 0.34147430874999996 0.95414897 0.34286854624999996 0.9599761975 0.34063775749999997 0.963403985 0.33338774375 0.9627184375 0.32669537624999995 0.9572339575 0.31777226124999997 0.9325539025 0.30132024749999997 0.90238939375 0.28682017 0.89142046 0.28486823375 0.8828934624999999 0.28606620374999997 0.8780520862500001 0.29044518625 0.875652645 0.29657983625 0.874281525 0.2993683125 0.87462429875 0.30494526499999997
2 0.82354525625 0.39586499 0.8204602425 0.40283618125 0.81703245625 0.41315356625 0.8153185625 0.43044209875 0.8125763225 0.44605756125 0.8139474425000001 0.4538653025 0.8177180024999999 0.46139418 0.8242308025 0.46557689375 0.83074360375 0.46780768375000004 0.83794195125 0.46669228875 0.84445475125 0.4580480175 0.8516530987500001 0.44410563625 0.855080885 0.42291323249999996 0.85679477875 0.39196113 0.85199587125 0.38471108625 0.849939205 0.3833168475 0.8456098337500001 0.38081779625 0.8389702975 0.38108606875 0.8341713900000001 0.38164376625 0.83040083 0.38805726 0.82354525625 0.39586499
2 0.81703245625 0.47728850625 0.811890775 0.48230775125 0.8091485350000001 0.48676930874999996 0.8091485350000001 0.4912308875 0.81497578875 0.49625013125 0.82457357625 0.50154824 0.843426405 0.5012693975 0.87530483375 0.49736552625 0.8897015275 0.49318281249999996 0.9010132350000001 0.48704817375 0.90855435625 0.48258659375 0.90786880875 0.47840387999999995 0.90546936875 0.47477887375 0.90135600875 0.46975960875 0.891758195 0.46613460250000005 0.86776368625 0.467249975 0.82663024375 0.47338463625000005 0.81703245625 0.47728850625
2 0.63121260375 0.4106439125 0.6483515375000001 0.43211518 0.6565782312499999 0.4388075275 0.6634338049999999 0.43964409000000004 0.66720436625 0.43797098624999997 0.67268884625 0.43741328875 0.67440273875 0.43462481375 0.6747455125 0.42737476874999997 0.671317725 0.40813429 0.661034365 0.38610532375 0.64937988375 0.36853792625 0.63978207 0.3612878925 0.6274420425 0.359893655 0.62147951375 0.36096176375 0.6171586824999999 0.36658599125 0.61613036125 0.37439372249999997 0.6171586824999999 0.3844322425 0.63121260375 0.4106439125
2 0.59160612 0.45403551999999997 0.56726883875 0.44176623125 0.5569854775 0.4373046625 0.5463593175 0.43507388375 0.53778985 0.43451618625 0.53161985 0.43618927874999996 0.5281920625000001 0.43953544125 0.52647816875 0.4453912475 0.5299059562499999 0.45375667625 0.53950374375 0.46630481875 0.553900465 0.4735548525 0.59057777375 0.48889147125 0.604631695 0.49195880125 0.6135439625 0.49335304 0.615257855 0.49307418625 0.61800006875 0.48944919 0.61805113375 0.48462652624999997 0.62108510875 0.4816414375 0.62142785625 0.4769010475 0.61285838875 0.4676990575 0.59160612 0.45403551999999997
2 0.40751764749999997 0.45319897875000004 0.40820322 0.472997155 0.40957434 0.48889147125 0.4140304475 0.49948767875 0.42328548875000005 0.5078531175 0.43768218249999996 0.51008388625 0.44385220875000003 0.50645888 0.4483083175 0.49920885624999994 0.45105055625 0.48861262875 0.44590887625000003 0.45403551999999997 0.4400816225 0.43507388375 0.43699663625 0.4303334725 0.4325405025 0.428939235 0.42434768375 0.42749688874999997 0.418829355 0.42754499625000003 0.41505879375 0.42949693250000004 0.41197378125 0.43702582 0.40751764749999997 0.45319897875000004
2 0.28229307875 0.47773756749999996 0.28263585125 0.4950261425 0.2850352925 0.51343007 0.28709195875 0.52291089375 0.29326198625 0.53127632125 0.30560201374999996 0.534622485 0.31074369375 0.53378593375 0.3162281475 0.52820898125 0.319998735 0.51872817875 0.32342652125 0.4808048975 0.3203415075 0.46212210499999995 0.31691372125 0.45487206125 0.31177204 0.4504105025 0.30937257375 0.44985280625 0.30221165875 0.44909467875 0.29908921374999997 0.4484585675 0.29257643875 0.45459321750000004 0.28743475875 0.46574712124999995 0.28229307875 0.47773756749999996
2 0.23130452625 0.5823016875 0.24398732625 0.59819600375 0.25358514125 0.6034941025 0.25975514125 0.6034941025 0.26763906125 0.60070562625 0.27175239625 0.5973594525 0.27175239625 0.58871518125 0.26695348875 0.5703112425 0.25358514125 0.5471668825 0.24055954 0.53155142 0.22582004625 0.5248590775 0.21656503125 0.52513792125 0.21264524 0.5267770500000001 0.20970945749999997 0.5290417924999999 0.21073780500000003 0.536570675 0.21348001875 0.55246499125 0.23130452625 0.5823016875
2 0.3813688425 0.61513203375 0.41084783125 0.61513203375 0.43278564625 0.61318011 0.45026738125 0.60843969875 0.45712292875000005 0.60286274625 0.460893515 0.59561270125 0.46020796875000003 0.58864151125 0.45472348875 0.5844587962500001 0.4406695675 0.5813914775 0.40159279124999997 0.5822280175 0.37862662874999997 0.585853035 0.362858815 0.5908723 0.3542893475 0.5964492525 0.35120433375 0.6014685075 0.35320880625 0.6048077725000001 0.354974895 0.608997395 0.36422990875000005 0.61234355875 0.3813688425 0.61513203375
2 0.49722807750000003 0.58975690625 0.505111945 0.6036993075 0.51196751875 0.6195936025000001 0.5225936787500001 0.631305205 0.5297920524999999 0.6346513675 0.5421320550000001 0.6354879075000001 0.55035877375 0.632141745 0.55104432125 0.620430165 0.5424748537499999 0.6014685075 0.53287704 0.5802760825 0.52087978625 0.5641029237499999 0.51231031875 0.5571317324999999 0.5071686387500001 0.55490095375 0.49934348874999995 0.5563869225 0.49277194375 0.5574105862500001 0.48900135749999996 0.5607567499999999 0.4917435975 0.5763722225 0.49722807750000003 0.58975690625
2 0.6426866712499999 0.54681436875 0.6570834175 0.5663337025 0.6821061937499999 0.59421846375 0.68587678125 0.5984011775 0.6889617674999999 0.599795415 0.69341790125 0.5992377287499999 0.69958792875 0.59477616125 0.7054151550000001 0.58780497 0.70507240875 0.5788818450000001 0.692732355 0.5535067162499999 0.6738795262499999 0.52952583125 0.6639389649999999 0.52032385125 0.65776893875 0.51837192625 0.654341125 0.5169776875000001 0.64804945625 0.51946167 0.6413155512500001 0.52227578125 0.63857331125 0.526458495 0.6382305375 0.53426623125 0.6426866712499999 0.54681436875
2 0.7927646212499999 0.60397813 0.77596848625 0.61178587125 0.75951509875 0.6232186412499999 0.75574453875 0.627401355 0.755058965 0.632141745 0.7574584324999999 0.63604561625 0.7649995525 0.6399494875 0.7783679262500001 0.642180255 0.797220755 0.63855524875 0.82875641 0.6218244025 0.8424675575 0.6112281737499999 0.847951985 0.60286274625 0.8448669975 0.59812233375 0.840467265 0.5960989875 0.83629753125 0.59170884125 0.82978475625 0.58975690625 0.8167591562500001 0.5933819225 0.7927646212499999 0.60397813
2 0.77631126 0.7822125412500001 0.77939627375 0.8000587925000001 0.7900224075 0.81232809125 0.79756352875 0.81316462125 0.8099035562500001 0.8042415062499999 0.8143597162499999 0.7919722075 0.8133313687499999 0.7596258887499999 0.8119602225 0.7479143075 0.8081896625 0.7387123175000001 0.8054474487500001 0.7345296025 0.80201966125 0.72839495375 0.79824910125 0.7256064775 0.794821315 0.7247699362500001 0.7911843075 0.7277758312500001 0.78248126125 0.7297891912500001 0.77802515375 0.73341420875 0.7756256874999999 0.7479143075 0.77631126 0.7822125412500001
2 0.5950359825 0.7030198249999999 0.62657161125 0.7295103475000001 0.6512516662500001 0.74094309625 0.66359172 0.74150079375 0.6701044937499999 0.7384334625 0.6725039875000001 0.73118343 0.6711328412500001 0.72337569875 0.6656484137500001 0.7147314162499999 0.63719777125 0.6943755425 0.6186877175 0.6823850975000001 0.60291987625 0.6754139062500001 0.5960643025 0.67457736625 0.592636515 0.6754139062500001 0.5931953825 0.6793549812499999 0.58920872875 0.6832216375 0.587494835 0.6882408975 0.587494835 0.69298130375 0.5950359825 0.7030198249999999
2 0.44421335749999996 0.6706734950000001 0.4850040275 0.684894735 0.501114615 0.6840581837499999 0.5065990687499999 0.6801543125 0.51071242875 0.6754139062500001 0.5124263225 0.6712311925000001 0.50899853625 0.66593308875 0.49151680124999997 0.6539426387499999 0.47266397374999997 0.64641375875 0.43804333125 0.6366540925 0.43290165125 0.63581754375 0.42570330375 0.63637524 0.41919050375 0.63804833 0.41507716875 0.6394425675000001 0.4110627125 0.6420813775 0.40719324874999996 0.64557721 0.4095927025 0.65143301125 0.41747661 0.65756766 0.44421335749999996 0.6706734950000001
2 0.592636515 0.8423291999999999 0.6015487825 0.8406560974999999 0.61011825 0.83730992375 0.6330844375 0.82531947875 0.6522800125 0.8110982437500001 0.66187782625 0.79659816625 0.6622206262500001 0.79102121375 0.65639334625 0.7865596562499999 0.64850947875 0.784886575 0.6378833187499999 0.7843288775 0.6255432912500001 0.7885115912499999 0.58920872875 0.8105405475 0.5789253675 0.821136765 0.5710414737499999 0.8308964312499999 0.5706987 0.8345214475 0.5741264875000001 0.83730992375 0.57948186375 0.83889994125 0.582695955 0.84177148125 0.587494835 0.8426080225 0.592636515 0.8423291999999999
2 0.40854214125 0.7339057262500001 0.4448766775 0.7213575837499999 0.45241782375 0.712155615 0.4541317175 0.7046267275 0.4513894775 0.6996074725 0.43767833 0.6965401525 0.40614269999999997 0.701280565 0.3780348325 0.70880944125 0.36672315125 0.7127133125 0.36226701749999995 0.71661718375 0.35918200499999997 0.7191268049999999 0.3579228275 0.72742748 0.35815368375 0.7313961050000001 0.36158147125 0.7355788187500001 0.38043429875 0.7378095975 0.40854214125 0.7339057262500001
2 0.4592733975 0.8456553775000001 0.48189678625 0.85848236375 0.49046625374999997 0.8621073800000001 0.50074961375 0.8626650775 0.50966188125 0.8598766012500001 0.51514630875 0.8551361900000001 0.51754574875 0.84928039375 0.51480356125 0.8403572687499999 0.49492236125 0.82474180625 0.459958945 0.80605901375 0.44624779625 0.80076091 0.4342505425 0.8004820612499999 0.43082275625 0.80159746125 0.42777606375 0.8058065550000001 0.421910515 0.80912633375 0.42156774124999996 0.8124725075000001 0.43664998375 0.8264148874999999 0.4592733975 0.8456553775000001
2 0.74906048625 0.9106268799999999 0.7494032862500001 0.9201076825 0.7538593937500001 0.92735773625 0.7607149674999999 0.9318192937499999 0.7648283275 0.93460777 0.772026675 0.9326558249999999 0.7884800362500001 0.9150884375 0.8052761975 0.879395935 0.8066473175 0.86796318625 0.8042478762499999 0.86127084 0.80116286375 0.85848236375 0.7956784100000001 0.85429964875 0.791612855 0.85318235125 0.7867661425 0.853184265 0.77545446125 0.8598766012500001 0.76311443375 0.8777228524999999 0.74906048625 0.9106268799999999
0 0.50400367625 0.26219232125 0.50400367625 0.2634311475 0.50383447375 0.2653582075 0.50248082625 0.2660464425 0.5016348 0.2675605575 0.5006195725 0.2686617325 0.50045036875 0.27058879375 0.50180400375 0.27237820375 0.50265002875 0.27265349875 0.50383447375 0.27334173375 0.5046805 0.27361702875 0.50383447375 0.27581939 0.505018905 0.27664525875 0.50688015875 0.27719586 0.5090798325 0.27719586 0.5107718837499999 0.27733349375 0.5156788375 0.27843467499999996 0.52160102 0.27774644 0.53953676875 0.2697629075 0.54918146 0.26232997125 0.55256556375 0.25943938125 0.55290396875 0.25916409125 0.55307318375 0.25723703125 0.54376689875 0.24787703125 0.53327616875 0.238104095 0.53124571125 0.23658997750000002 0.5295536587499999 0.23700291750000002 0.5239698825 0.24099468000000002 0.52297678875 0.2422173 0.513479165 0.24966644500000001 0.50704936125 0.25682409125 0.50451128375 0.26012761624999997 0.50400367625 0.26219232125
1 0.26680279500000004 0.3152147775 0.26372544625 0.32256851374999995 0.2625714275 0.33195626625 0.25968641000000003 0.34369095375000003 0.25718607 0.35448687 0.25564738875 0.36669095749999997 0.25603206624999997 0.374044685 0.25718607 0.378269175 0.2587247375 0.38155489125000003 0.26045575125 0.38358889625000003 0.2625714275 0.38546645375 0.2677644675 0.38593583375 0.2716111575 0.38577937375 0.278342865 0.38296304375 0.28449756375 0.37952087375 0.289113595 0.37420114499999996 0.293729625 0.36496986 0.29507596125 0.3563644225 0.29699930625 0.32913994125 0.29603763375 0.32679300375 0.296229965 0.32084742875000005 0.2966146425 0.314432465 0.2952682925 0.3100515125 0.2927679525 0.30645287625 0.29161394875 0.30504471625 0.2900752675 0.30441886375 0.28795959 0.30441886375 0.28680558625 0.3053576375 0.28488224125 0.3055141 0.28186685875 0.30523249625 0.2798815325 0.30441886375 0.2766118525 0.304575325 0.27141882625 0.3091127375 0.26680279500000004 0.3152147775
1 0.256187055 0.69444409625 0.24034738625 0.69743768125 0.23362752 0.6992598662499999 0.2261076825 0.7035550112500001 0.22130778375 0.7082406225 0.21938782375 0.7109739 0.21842784625 0.71266592625 0.21826784624999998 0.7150087325 0.21874783375 0.7176118512499999 0.22466771125 0.721386375 0.22786764375000002 0.7234688675 0.2355474875 0.72451011375 0.24466729 0.72451011375 0.25458708874999997 0.7232085549999999 0.273466685 0.71943403625 0.286266415 0.7172213937499999 0.29106631499999996 0.7167007575 0.29250628625 0.7161801375 0.29250628625 0.715269045 0.29106631499999996 0.7137071724999999 0.29154630875 0.7122754600000001 0.292826275 0.7107135875 0.29538623125 0.7088914024999999 0.2987461575 0.707329535 0.3009861125 0.7057676625 0.3024260725 0.70485657 0.3030660625 0.70420579 0.3030660625 0.70290423125 0.3024260725 0.70225345125 0.30028559875 0.70056883125 0.293786265 0.6961361225 0.2835464775 0.6928822237500001 0.27490665625 0.69223144375 0.256187055 0.69444409625
1 0.8469423399999999 0.67225368625 0.84267158375 0.6869058325 0.84118611375 0.6997453400000001 0.84174316 0.70321955875 0.84378570375 0.7071469362499999 0.8441570675 0.70926168 0.84434275 0.7116785262499999 0.841371795 0.7171164400000001 0.8374724175 0.7302580487500001 0.836729675 0.7328259525 0.83710104 0.7356959625 0.83840084125 0.73826385875 0.83988631125 0.7399254512500001 0.84118611375 0.740529655 0.8421145375000001 0.7412849199999999 0.8436000075 0.7409828187499999 0.84508549125 0.7402275525 0.8469423399999999 0.7399254512500001 0.848056445 0.74037860375 0.8502846712500001 0.7417380837499999 0.8526985650000001 0.74188913375 0.854741095 0.74188913375 0.8571550025000001 0.7409828187499999 0.8601259575 0.73977438875 0.86346828875 0.73690439125 0.86569650125 0.7338833300000001 0.8723811512499999 0.7168143324999999 0.879065815 0.6943074275 0.88073696625 0.6779937012499999 0.8801799200000001 0.667722095 0.87683758875 0.66424788 0.873866635 0.6619820787499999 0.8723811512499999 0.65941417625 0.87145272625 0.65805469875 0.86811040875 0.6597162824999999 0.86346828875 0.6600183900000001 0.85882616875 0.6610757599999999 0.8528842475 0.664852085 0.8469423399999999 0.67225368625