2 0.5891887425 0.09836019625 0.5796722599999999 0.1147310875 0.57650008875 0.12382602625 0.576103575 0.132011475 0.58006877375 0.141409575 0.5856200575 0.14565388499999998 0.59355045375 0.14504755375 0.6014808512500001 0.141409575 0.610204275 0.13473995 0.6248755275 0.1098804575 0.63121983875 0.09472222999999999 0.63201286625 0.08956841624999999 0.63121983875 0.08653677 0.63042681 0.08441462124999999 0.62923723875 0.08289879750000001 0.6280476675 0.08107982 0.62606506875 0.0783513275 0.620759985 0.07771531500000001 0.6177381574999999 0.07501652625 0.6129799312499999 0.07562284625 0.59830868 0.08502094624999999 0.5891887425 0.09836019625
2 0.47974927375 0.16111527750000001 0.47538753125 0.16596592000000002 0.47340493250000004 0.168694395 0.47618059 0.17263553250000002 0.4801457875 0.17839568875 0.48847269875000005 0.18142733625000002 0.5142464875 0.18112415250000002 0.54438198875 0.17900199749999998 0.55627758375 0.17627351125000001 0.5626218949999999 0.1699070575 0.56301843875 0.16626910250000002 0.55905324125 0.16081211750000002 0.55469149875 0.1565678075 0.54715764625 0.1520203375 0.528521195 0.14959502375 0.501557865 0.1520203375 0.48649009875 0.15778047125 0.47974927375 0.16111527750000001
2 0.7815008612500001 0.19264440749999998 0.77793220625 0.21386593375000001 0.7815008612500001 0.22902416750000001 0.7902242850000001 0.23539062000000002 0.7981546825 0.23660328374999998 0.80330945125 0.23448114 0.8064816225 0.23114631 0.81242942 0.22235455375000002 0.81877370125 0.20355833125 0.8207563 0.18991592125 0.8207563 0.18233680375 0.8199632724999999 0.17900199749999998 0.8171876462500001 0.1765766825 0.8152050475 0.17566718 0.80963521125 0.17315517625 0.8044990237499999 0.17142288125 0.7989477100000001 0.1720292125 0.7894312575 0.1793051575 0.7815008612500001 0.19264440749999998
2 0.5749140337499999 0.35563390624999996 0.605049535 0.36139401625 0.61694513 0.35805919750000004 0.6197207575 0.35017692125000005 0.61734164375 0.342597805 0.6129799312499999 0.3374440025 0.5891887425 0.32865222250000004 0.57174186375 0.32562057625 0.5634149525000001 0.32531741625000005 0.5507263 0.328955395 0.54279590375 0.33016804625 0.53724465 0.32925855499999995 0.5328829075 0.33350286500000004 0.533675965 0.33895982625000004 0.5396237625 0.34320413625 0.5749140337499999 0.35563390624999996
2 0.7315393374999999 0.3559370425 0.72122985875 0.35927186125 0.7148855175 0.36351615875 0.7148855175 0.36715413750000003 0.7228159137500001 0.37655224875000004 0.73114285375 0.38109971875 0.74660710375 0.38291872499999996 0.77277743625 0.37958389625 0.7902242850000001 0.37170160750000003 0.8017233962500001 0.36442566249999997 0.80330945125 0.36290983875000005 0.8002162375 0.35797522375 0.79339645625 0.35138957249999997 0.7715878650000001 0.3507832525 0.74898624625 0.35290539625 0.7315393374999999 0.3559370425
2 0.7325129812500001 0.506447455 0.7448051200000001 0.50796327875 0.7622519687499999 0.50887277 0.7761301625 0.50675063875 0.78842230125 0.50402212875 0.79714572625 0.5003841625 0.8019039512499999 0.497352515 0.8023004962500001 0.4958366925 0.8019039512499999 0.4937145375 0.80111092375 0.49068289 0.8019039512499999 0.4870449125 0.7995248687500001 0.48340693375 0.7955596712499999 0.48098161875 0.78009536125 0.47855630374999997 0.7559076874999999 0.47704048125 0.73647818 0.47673730875 0.72735827125 0.4776468125 0.72101393 0.47946579624999996 0.71494973125 0.482577265 0.71268698875 0.488863895 0.7146695887500001 0.49462402875 0.722599985 0.502506305 0.7325129812500001 0.506447455
2 0.63298654 0.447027175 0.619108345 0.4530904675 0.61038492125 0.46097275625 0.6048336075 0.46582338624999997 0.602454525 0.46794554125 0.603644035 0.47037085625 0.6095918325 0.4734025025 0.61236752 0.47704048125 0.61633271875 0.47885946375000005 0.62545262625 0.47885946375000005 0.6401239087499999 0.47461516625 0.6662941812500001 0.46612654625 0.67858632 0.45794111 0.68136194625 0.45369679875 0.68136194625 0.45187781625 0.6772738325000001 0.44811287125 0.66986289625 0.44278287624999996 0.66391509875 0.44066072125 0.65201950375 0.44096388124999997 0.63298654 0.447027175
2 0.5298913525 0.54949684 0.5061001625 0.5561664525 0.48984285499999997 0.5643519125 0.48349854375 0.57041520625 0.48310203 0.57587215625 0.4838950575 0.57951014625 0.48706722874999997 0.58466393625 0.4926185125 0.5873924225 0.5076862475 0.58587659875 0.55169994375 0.57284050875 0.56518162375 0.5652613925 0.56676770875 0.56253290625 0.56795728125 0.5604107625 0.56597468125 0.5564696124999999 0.563199025 0.5513158225 0.56161293875 0.55040632 0.54416609125 0.5479810162500001 0.5298913525 0.54949684
2 0.40102240625 0.41337590125 0.40141895125 0.42277400125 0.41053888875 0.44035755000000004 0.423624055 0.45460629124999996 0.43115793875 0.45915376125 0.4398813625 0.45642528624999995 0.444243075 0.45430313125 0.44860478625 0.44733034625 0.44781175875 0.43156577625 0.4398813625 0.4115569125 0.43195096624999996 0.40094614874999995 0.42758925374999995 0.39730817125 0.425606655 0.3957923475 0.42481359625000004 0.39488285625 0.41899563624999997 0.39509072625 0.4129180025 0.39700500499999997 0.4041945775 0.40246197250000004 0.40181546500000004 0.40670627625 0.40102240625 0.41337590125
2 0.23843213375000002 0.45127148499999997 0.2455695025 0.4640044025 0.2554824975 0.4758278175 0.26460246625 0.4776468125 0.2693606925 0.4776468125 0.27570500375 0.47491832625 0.28006671625 0.4667328775 0.2812562875 0.45339363874999994 0.2745154625 0.428837295 0.26896417875 0.41883286249999996 0.2657920075 0.41458855875 0.26222332375 0.41186007875 0.25429292625 0.4115569125 0.24517298875000001 0.4115569125 0.239621705 0.41580121625 0.23486347875 0.430656295 0.23843213375000002 0.45127148499999997
2 0.0968337675 0.44066072125 0.077007775 0.45642528624999995 0.06987040625 0.46582338624999997 0.06630175249999999 0.47279617125 0.0643191525 0.47885946375000005 0.0643191525 0.48431642625000004 0.06828435125 0.48643858125 0.07859386125000001 0.48583224875 0.09723028125000001 0.47734364125 0.1186423575 0.46521705375000005 0.13648575 0.45248413625 0.14045094875 0.44733034625 0.14124397625000001 0.4439955275 0.14045094875 0.4412670525 0.134939195 0.43788717125 0.1273657825 0.43520376499999996 0.119435385 0.43399109625 0.111108475 0.4345974225 0.0968337675 0.44066072125
2 0.09802333875000001 0.5803318525000001 0.10040245125 0.5885173 0.10991893375 0.59852173125 0.1257797275 0.60731351125 0.153536115 0.61428629625 0.1682073375 0.6154989599999999 0.177327305 0.6154989599999999 0.1801029325 0.61186098125 0.1801029325 0.60519135625 0.17772381875 0.60155337875 0.16900036499999999 0.59609641625 0.15710477 0.590639455 0.14957091625 0.58669831625 0.145209175 0.5848793225 0.13965792125 0.5830603325 0.1253831825 0.5776033825 0.11150498875 0.57517805625 0.10238505125 0.577300205 0.09802333875000001 0.5803318525000001
2 0.33593520875000005 0.69262494875 0.33990040625 0.69899141375 0.3446586925 0.7020230599999999 0.3549681725 0.70141675125 0.36289856875 0.6995977449999999 0.375983735 0.68807747875 0.3922410725 0.663217985 0.3922410725 0.6580641837500001 0.39105150125 0.65200089 0.38629327500000005 0.6483629125 0.3839141325 0.64472493375 0.3839141325 0.64048063625 0.37884106125 0.6397500512500001 0.37320810875 0.6383584812499999 0.3549681725 0.65594202875 0.33752132375000005 0.68231735625 0.33593520875000005 0.69262494875
2 0.13648575 0.7265793925 0.1527430575 0.73264268625 0.16305256750000002 0.7344616687500001 0.16662125125 0.7350680125 0.16979342249999999 0.73173320625 0.17613773375 0.72536674125 0.17574122 0.72021294 0.1646386525 0.70505470625 0.14362312 0.685955335 0.12776232625 0.6768603950000001 0.12022844375 0.67413190875 0.11510977374999999 0.6745931749999999 0.10952239000000001 0.6789825387499999 0.1051606775 0.6889869812499999 0.1103154475 0.7032357112500001 0.13648575 0.7265793925
2 0.2507122725 0.78736798875 0.26260786750000004 0.794947105 0.26776260749999997 0.794643945 0.27093477875 0.7934312825000001 0.27608951875 0.7934312825000001 0.27767560375 0.7897932925000001 0.2764860625 0.7816078562500001 0.27252086375 0.7658433025 0.26300438125 0.7473502399999999 0.25626352625 0.7400743062499999 0.24833313 0.7337078300000001 0.241592305 0.73219200625 0.23604102125 0.73219200625 0.23009322375 0.7346173324999999 0.22771411 0.74249961 0.23326539375 0.7606894887500001 0.2507122725 0.78736798875
2 0.45848867125 0.7561420187500001 0.45531650125 0.76948126875 0.45769564375 0.77645406625 0.46126429874999997 0.7834268387500001 0.46443646875 0.78827746875 0.46959123875000003 0.7888838125 0.47593552 0.7885806525 0.482676345 0.7846395024999999 0.4886241425 0.77645406625 0.49972670999999996 0.75856734625 0.50488148 0.7409837862499999 0.50607105125 0.73279835 0.50448493625 0.73067618375 0.5028988799999999 0.72794772 0.4993047875 0.7253429425 0.48822765875 0.72461289 0.479504235 0.72794772 0.469194695 0.7382553000000001 0.45848867125 0.7561420187500001
2 0.5561941325 0.614564125 0.56531410125 0.62790337 0.58276098 0.6473059125 0.594656575 0.6554913487499999 0.602983485 0.6591293275 0.61091388125 0.6567040125 0.61686167875 0.65397552625 0.61963730625 0.65155021125 0.61963730625 0.6473059125 0.61289648125 0.63336033125 0.59743220125 0.6115324787499999 0.589501805 0.604862865 0.5835540075 0.60092171625 0.58038186625 0.59970905875 0.5768131825 0.5994058925 0.5706907 0.59960471375 0.56253847375 0.60183121875 0.55659067625 0.605469185 0.55579761875 0.610016655 0.5561941325 0.614564125
2 0.63867027 0.7161242812499999 0.65254846375 0.717640105 0.6818909375 0.717640105 0.70290647125 0.717640105 0.7151986100000001 0.71521479 0.71876726375 0.71097049125 0.7159916375 0.7039976950000001 0.711629925 0.69823757375 0.7060786412500001 0.6945996187500001 0.6957691325 0.6909616175 0.66127188875 0.6906584575 0.65413455 0.69247744 0.64739369375 0.6961154412499999 0.64108514125 0.6980744112499999 0.63232595875 0.7030882037499999 0.63034336 0.7067262049999999 0.63232595875 0.71066732 0.63867027 0.7161242812499999
2 0.7948990899999999 0.70581669 0.80322603125 0.717033785 0.8135355099999999 0.72097492375 0.81987985125 0.717640105 0.8266206775 0.7127894975 0.83018933125 0.70581669 0.8321719299999999 0.69975339625 0.82424153375 0.67853187 0.8131390275 0.66276730625 0.801639915 0.65579452125 0.7945025462499999 0.65276287375 0.7905373475 0.6524597025 0.78696869375 0.6521565425 0.7858399075 0.6552779649999999 0.7802278687499999 0.65791667625 0.77943484125 0.6648894599999999 0.784986095 0.6815635175 0.7948990899999999 0.70581669
2 0.631703605 0.84173447 0.62853143375 0.8477977624999999 0.6253592625000001 0.86780662625 0.62615229 0.8784173887500001 0.6289279175 0.88569334625 0.63289311625 0.89205979875 0.63685831375 0.89448511375 0.64201308375 0.8960009375 0.64994348 0.89387879375 0.656684305 0.89205979875 0.65985647625 0.8866028375 0.6650112462500001 0.8720509362500001 0.6685799 0.8390059825 0.66739039 0.8338521875000001 0.6650112462500001 0.83142686625 0.66183907625 0.8293047174999999 0.6569486775 0.8298723137499999 0.65073650875 0.82991104375 0.6443922275 0.83142686625 0.63646183 0.83597433625 0.631703605 0.84173447
2 0.42115154875 0.9329870287500001 0.41560026499999997 0.9405661449999999 0.41441069375 0.9490547650000001 0.41361766625 0.9554212175000001 0.41956546375000003 0.9599686875000001 0.42392717625000004 0.962697175 0.4318575725 0.9614845112499999 0.44930445124999996 0.95299589125 0.45882093249999994 0.9454167750000001 0.47230261375 0.92601426625 0.47507824 0.91085603375 0.47428521250000005 0.90812752375 0.47071652875 0.9053990487500001 0.46609050875 0.9033458575000001 0.46120004625 0.9011547387500001 0.4520800775 0.90327691625 0.43502974375000003 0.91661614375 0.42115154875 0.9329870287500001