2 0.36397279 0.26648352 0.37373973499999996 0.27413218125 0.39083190875 0.28344358875000003 0.41036583125 0.29375266375 0.42623713875 0.30106876125 0.43600406875 0.30439426375 0.44292234625 0.30372917375 0.45024754375 0.296080505 0.450654525 0.2890969475 0.4441431975 0.2817808375 0.42949277125 0.27213689124999996 0.40019192 0.2571721125 0.38635539375 0.24885835374999998 0.37699539875 0.2465305025 0.37089105250000004 0.2458654025 0.3672284375 0.2458654025 0.3608292675 0.248516075 0.35868235875000004 0.25151875749999997 0.35705452625 0.25484426125 0.3578684425 0.2585023125 0.36397279 0.26648352
2 0.513732775 0.47066944125 0.522278855 0.4862992975 0.52838320125 0.49428051000000006 0.5344875474999999 0.49295030375000004 0.540184945 0.489292255 0.5426266762499999 0.48230870375 0.5430336275 0.46501607 0.5389640625 0.43874461375 0.53367361625 0.42178452624999996 0.53041798375 0.41746137375000003 0.52634841875 0.41446842875 0.519060945 0.41386110625 0.51129101125 0.41746137375000003 0.5088492787500001 0.42377984750000003 0.51088406125 0.4580325175 0.513732775 0.47066944125
2 0.67814318625 0.4424026625 0.68180577 0.45869763375 0.686689235 0.47066944125 0.6932005625 0.47565769625000004 0.6976771087500001 0.47499258 0.70459535625 0.47166707750000003 0.70785102 0.4570348825 0.70785102 0.43674929125 0.70785102 0.42178452624999996 0.70622315625 0.408482525 0.704188375 0.398838585 0.70093271125 0.3918550075 0.6951000462499999 0.38602664124999997 0.68712366125 0.38819694624999995 0.6785775825 0.40316171124999994 0.67651532375 0.41779393125 0.67814318625 0.4424026625
2 0.6777362050000001 0.284773795 0.6875031975 0.3040617125 0.6932005625 0.31304056750000003 0.69971189125 0.31570097375 0.7074440387500001 0.3140382225 0.7106997024999999 0.30938251875 0.71151360375 0.30239896125 0.7102927212500001 0.29242245 0.70785102 0.284773795 0.704188375 0.2787878975 0.69971189125 0.27246943 0.69279358125 0.26249292 0.6838405525 0.24885835374999998 0.67855010625 0.2435375475 0.67366664125 0.24120970249999998 0.67163185875 0.23954695125 0.6691901575 0.23921439625000002 0.667155375 0.23921439625000002 0.6599939825 0.24103815874999998 0.6557605825 0.2461979575 0.6557605825 0.25185130625 0.6622718475 0.2614952675 0.6777362050000001 0.284773795
2 0.73918665375 0.340309705 0.7318614250000001 0.34563050500000003 0.72738488 0.35161640875000005 0.7265709800000001 0.35527447 0.72982664375 0.35859997374999997 0.73674489125 0.3599301675 0.74895358375 0.35893251875 0.76156925875 0.35361171874999997 0.7835448825 0.34729325625 0.8026718225 0.33665164375 0.8099970512500001 0.33166338875 0.8128457337499999 0.32900298749999995 0.81406661625 0.32800534 0.8091831512500001 0.323017085 0.8047066049999999 0.32068923 0.7843587825 0.32201943624999996 0.7611622775 0.33133084250000006 0.73918665375 0.340309705
2 0.83444188375 0.42976573875 0.83362798375 0.43807949749999997 0.82467495375 0.45670231125 0.8201984075 0.470004325 0.82182627125 0.47765299375 0.8263027549999999 0.48530166125 0.8307793 0.488627165 0.83810452875 0.489292255 0.845429695 0.4862992975 0.8543827875 0.47565769625000004 0.8669984 0.440074795 0.8710679637500001 0.4231147325 0.8714749449999999 0.41613118 0.8714749449999999 0.41280567625000003 0.8678123 0.40914761499999996 0.86147225875 0.40721407 0.8576383887500001 0.40482446375000003 0.8494992600000001 0.408815095 0.83932534875 0.41978922875 0.83444188375 0.42976573875
2 0.90972882625 0.454707015 0.91461229125 0.46967178 0.9199027375 0.48230870375 0.9239723025000001 0.4869644125 0.93048363125 0.4869644125 0.9406575425 0.48164358749999997 0.945134025 0.47100198624999995 0.944320125 0.45071642124999994 0.9422853425 0.42145198 0.93699489625 0.40748486375 0.9317045125 0.40415936 0.92844884875 0.40249660875 0.921508715 0.40139791375 0.91176360875 0.408815095 0.9068801437499999 0.42045435750000004 0.907287125 0.43575165499999996 0.90972882625 0.454707015
2 0.79618797125 0.26648352 0.81124537875 0.27945298874999996 0.82467495375 0.29375266375 0.83729056625 0.3080523125 0.844615795 0.31370568375 0.85275492375 0.31437077375 0.85845235125 0.30971506375 0.8600801525 0.305391925 0.85845235125 0.29774325749999997 0.85397580625 0.29208991125 0.85194102375 0.28410869125 0.84095321125 0.27113923 0.8303723187500001 0.260165065 0.816535825 0.24952346125 0.8096175462499999 0.2465305025 0.8043271 0.2458654025 0.7978743187499999 0.24685431624999998 0.79415318875 0.2471956025 0.79049060625 0.2511862125 0.7913045062499999 0.2585023125 0.79618797125 0.26648352
2 0.6797984325 0.53071910625 0.6972975725 0.544353665 0.7152036625 0.556325485 0.73026103875 0.5629764925 0.7408419 0.56231138875 0.745318415 0.5579882374999999 0.7473531975000001 0.55133723625 0.7473531975000001 0.54634898125 0.7412488500000001 0.5380352225 0.72537757375 0.5253983 0.70462277 0.50976844375 0.69444885875 0.50112212125 0.68671671125 0.4984617175 0.681426265 0.4964664175 0.67491496875 0.49413856625 0.667625735 0.4965336225 0.6639271250000001 0.49979192125 0.662706275 0.505777825 0.66840367125 0.5180822025 0.6797984325 0.53071910625
2 0.7856071099999999 0.60055467875 0.79496712 0.6264936275 0.7994436349999999 0.63547246375 0.80473408125 0.64046071875 0.8120592787500001 0.64245601625 0.817349725 0.6431211450000001 0.82386105375 0.6391305125 0.8258958362500001 0.6318144025 0.82304709125 0.6148543399999999 0.8169427437500001 0.59124327125 0.81328016125 0.57661105125 0.8067688637499999 0.5686298375 0.8006645175 0.5619788312499999 0.7974088525 0.558985885 0.7937462387499999 0.5583207825000001 0.7897337812499999 0.55926502875 0.7819444962500001 0.5619788312499999 0.7782819125 0.565304335 0.7774679812499999 0.5746157537500001 0.7856071099999999 0.60055467875
2 0.51250872625 0.5845922649999999 0.49216090375 0.5829295125 0.4775104775 0.585257355 0.46977829875 0.58758521 0.4644878525 0.5932385687499999 0.4632670025 0.5985593687499999 0.4640809025 0.60321507875 0.47913831 0.6092009825 0.50640438 0.61219394 0.5414026275 0.61551944375 0.55605305375 0.6148543399999999 0.5633782825 0.612526485 0.5678547975 0.61019863125 0.57151741125 0.6065405825 0.5684129475 0.60163988625 0.5584948175000001 0.595233865 0.55279742125 0.59124327125 0.53936784625 0.587252665 0.51250872625 0.5845922649999999
2 0.26563703 0.5416932649999999 0.25627705125 0.5483442725 0.25302138625000004 0.55466273375 0.25302138625000004 0.5609811825 0.25912573375000003 0.56497178875 0.26726486250000003 0.565304335 0.2855779025 0.5596509887500001 0.31732051875 0.54767916875 0.34092397375 0.53703756125 0.34540051875000005 0.531716755 0.34784222124999997 0.52839125125 0.34784222124999997 0.5240681 0.34658332999999997 0.5193828100000001 0.3392961725 0.51641945125 0.31976224999999997 0.52007749375 0.28679878375 0.53105165125 0.26563703 0.5416932649999999
2 0.11994664000000001 0.51209628625 0.09512227250000001 0.5137590375 0.0772162125 0.51641945125 0.070704885 0.51974495375 0.06622837 0.5244006449999999 0.06541445375 0.52839125125 0.070704885 0.53371205875 0.08006489625 0.53770265875 0.08942490624999999 0.5390328587500001 0.10529618375 0.540363065 0.12849272 0.5396979749999999 0.14965444249999998 0.535707355 0.161049235 0.53271440375 0.1667466325 0.53005400375 0.17081619625 0.52739360375 0.17207058 0.5181364912499999 0.1683744325 0.5124288375 0.15820052125 0.50943588 0.1459918275 0.5101009825 0.11994664000000001 0.51209628625
2 0.125237055 0.7085590949999999 0.115470095 0.7235238599999999 0.11140053 0.7305074125000001 0.11099358000000001 0.7351631212499999 0.11221446125 0.73981881875 0.11750487625 0.7461373062500001 0.1272718375 0.7478000575 0.13907358125 0.7421466737500001 0.15575878875000002 0.72718190875 0.1671535825 0.71022184625 0.17122314625 0.69891513 0.1724439975 0.6945919775 0.17285097875000002 0.6899362675 0.17081619625 0.68661076375 0.16796748250000001 0.68295271625 0.168509095 0.6730955287499999 0.16227008625 0.671646005 0.151689225 0.6746389575 0.13988748125 0.687608425 0.125237055 0.7085590949999999
2 0.269706595 0.7311725149999999 0.27052052625 0.73616077 0.27459009125 0.7411490512500001 0.28395007125 0.7451396325 0.3087744075 0.7501278875 0.34092397375 0.75644633625 0.36167877750000005 0.7544510649999999 0.36412047875 0.75145808125 0.36493444125 0.74646982625 0.36493444125 0.7431443225 0.3624926775 0.73948627375 0.34987700250000003 0.73350037 0.3433657375 0.73017486625 0.33644748999999996 0.72917721875 0.31656510125 0.7250255 0.3034839925 0.72152855 0.28679878375 0.72086346 0.2717413775 0.7265168049999999 0.269706595 0.7311725149999999
2 0.56733088375 0.7611020712500001 0.56733088375 0.77706446 0.57302831125 0.7877060862499999 0.5832022225 0.79069901875 0.58971348875 0.7890362675 0.59663173625 0.7817201699999999 0.6007013 0.7730738537499999 0.6019221825000001 0.75578124625 0.6015152625 0.73083997 0.6011082812499999 0.72053090125 0.5978526175 0.71254970125 0.59459695375 0.70822653625 0.5921552525 0.706563785 0.59052738875 0.70556613625 0.581132535 0.70508439125 0.5746561125 0.706563785 0.5689587475 0.71254970125 0.56651698375 0.7305074125000001 0.56733088375 0.7611020712500001
2 0.69494708625 0.8186332525000001 0.702272315 0.82495171375 0.71285317625 0.8286097625 0.71895752375 0.82495171375 0.7234340387500001 0.82029600375 0.72424797 0.8106520387499999 0.710818395 0.78404801125 0.69820275 0.7567788937500001 0.69209840375 0.74979533 0.6868079575 0.74646982625 0.68034532375 0.74330485125 0.67378536375 0.74680238375 0.66971579875 0.7630973425 0.6745992637499999 0.78305036375 0.69494708625 0.8186332525000001
2 0.8447071037499999 0.76609032625 0.8581366162499999 0.786708425 0.865461845 0.802005735 0.8715661925 0.80765910625 0.8788914200000001 0.80965440375 0.8849957675 0.8083241975 0.88825143125 0.80533123875 0.8906931324999999 0.8010081 0.89191401375 0.7946896375 0.8906931324999999 0.7873735150000001 0.8817401037499999 0.76642284625 0.8658688262500001 0.7388211699999999 0.85895057875 0.73416547375 0.85040446875 0.72751446625 0.84519118625 0.7287644587500001 0.83982357625 0.73183761875 0.83412621125 0.7381560675 0.83494011125 0.74646982625 0.8447071037499999 0.76609032625
2 0.7041051899999999 0.9138811375 0.69067564625 0.91920195125 0.68619913125 0.9231925575 0.68497825 0.9285133837499999 0.69393127875 0.9331690675000001 0.70980258625 0.93383415875 0.74846344875 0.9331690675000001 0.7679973712499999 0.92884590375 0.781019965 0.9218623512499999 0.7838686475 0.91953449625 0.78346172875 0.9158764475 0.7800668949999999 0.91114252125 0.7745086999999999 0.9065650399999999 0.761893025 0.904237185 0.73259214125 0.90756268875 0.7041051899999999 0.9138811375
0 0.12418230499999999 0.41676871875000004 0.1329422325 0.41490755625 0.14117657125 0.41161473875 0.15186368125 0.40717659375 0.165879565 0.39500748125 0.17709227500000002 0.38126354 0.17989544875 0.37782755875 0.1797202525 0.37453474124999997 0.1797202525 0.37124192 0.1795450575 0.36909443000000003 0.17831865874999997 0.3673764425 0.17726746999999998 0.36494261625 0.17691707874999998 0.3610771325 0.1730627025 0.36007496875 0.1558932525 0.35978863875 0.15396605875 0.36093397125000004 0.15028689125 0.36508578 0.13697180375 0.37653906249999997 0.12067833374999999 0.39142833125000004 0.11682397124999999 0.40016145625 0.1154223775 0.40531543625 0.1154223775 0.408465085 0.11857595625 0.41304639875 0.12067833374999999 0.41505072499999995 0.121729535 0.41605288875 0.12418230499999999 0.41676871875000004
1 0.6621302387500001 0.64126798125 0.65151950875 0.6574722475 0.6431700975 0.6756665187500001 0.6410827349999999 0.685616505 0.6412566912500001 0.6901650612500001 0.64230036625 0.6947136225 0.64821454125 0.6982671887499999 0.65569422 0.6962771999999999 0.6609126075 0.69499791375 0.6659570499999999 0.6901650612500001 0.67378463 0.6755243675 0.67900303 0.6613101 0.6875263837500001 0.63600870375 0.6878742712499999 0.6297544275 0.68648269625 0.6256322875 0.6846402349999999 0.62405997 0.68248195375 0.6240687175 0.67795934125 0.62534800375 0.6706535925 0.6300387162500001 0.6621302387500001 0.64126798125
1 0.29787772749999997 0.89061987625 0.2988869125 0.892681555 0.30696041125 0.8983168087500001 0.33353565500000004 0.9075256425 0.36566143125000006 0.91604725875 0.377603485 0.9176965925 0.3846677875 0.91728425875 0.38853632875000005 0.91604725875 0.38887274499999996 0.9120613350000001 0.3871907675 0.90835031625 0.38365860249999995 0.9035397325 0.37575329875 0.8980419225 0.3648204425 0.8917194374999999 0.3508600325 0.8840225049999999 0.33303107 0.87783746625 0.32277099375 0.8756383437499999 0.30679220375 0.8763255700000001 0.305110225 0.8767379099999999 0.30306072 0.8778195712500001 0.30090528 0.8793493637500001 0.29838231375 0.88182338 0.29770953250000004 0.88883308875 0.29787772749999997 0.89061987625