2 0.0832260275 0.3048411525 0.07694551125 0.3053583425 0.07104562625 0.3091510775 0.06800053 0.3113922375 0.06685862125 0.3131162075 0.0699037175 0.31208184125 0.06914244 0.31518497375 0.07085531125 0.3196672925 0.07561327875 0.32328764125 0.09369355625 0.32966632500000004 0.11405765875 0.33328665874999996 0.1254767825 0.33156268875 0.13270889875 0.32914912874999996 0.13518303375000001 0.32828714374999995 0.13518303375000001 0.32397721875 0.13423144 0.32052927750000004 0.12928315625 0.31639175999999997 0.11405765875 0.3117370325 0.0832260275 0.3048411525
2 0.26859646000000004 0.26571372 0.2676448675 0.26847207624999997 0.26840613 0.27192001625 0.27068994875 0.27536795625 0.275067285 0.27674713125 0.280205885 0.276919525 0.28819929375000003 0.27278200125 0.29562171125 0.264334545 0.3078020975 0.24502608124999997 0.31275039625 0.23450986375 0.3144632525 0.22778638125 0.31370198875 0.22433844125 0.31236976375000003 0.22192488000000002 0.309705285 0.22106289499999998 0.30746545125 0.22014878 0.30190223499999996 0.22192488000000002 0.28591544625 0.23847499375000003 0.27202220374999997 0.25950743 0.26859646000000004 0.26571372
2 0.2341487625 0.38355429 0.2381454675 0.39251893000000004 0.24023895499999998 0.396828855 0.242903435 0.39941481 0.24461629125 0.40062159625 0.24861299625 0.39838043 0.2541322275 0.39527727874999996 0.256225745 0.39182933875000003 0.25755797 0.37803552 0.2543225575 0.3418342125 0.25241937 0.33804147749999996 0.2503258525 0.33545552125 0.24728077124999998 0.33355915125 0.24404533 0.3314903925 0.24061961624999997 0.33252477124999996 0.23548098750000002 0.3363175075 0.23338749875 0.34338578124999997 0.23338749875 0.36821095375 0.2341487625 0.38355429
2 0.08779038 0.44053639250000004 0.07865509125 0.4413983775 0.07085202 0.4413983775 0.056387799999999995 0.445018715 0.048013775 0.44915624625 0.045920271250000005 0.452431785 0.04515899375 0.45656931624999997 0.045920271250000005 0.45984486124999996 0.05048791625 0.46312040125000004 0.05600716125 0.46518916625 0.0622876775 0.46467197624999995 0.07941636875000001 0.46208602125 0.0992095025 0.46036205125 0.10891576875 0.45760369500000003 0.11557692375 0.45329377 0.11728978 0.44932864 0.11690914875000001 0.446742685 0.11595755499999999 0.44484632124999995 0.11443500000000001 0.44260516375000003 0.11100927249999999 0.4413983775 0.1003514275 0.441053585 0.0936902725 0.44001920875000006 0.08779038 0.44053639250000004
2 0.134608795 0.53402704 0.13327655500000002 0.5397161525 0.13422814875 0.54402607875 0.13632165125 0.546956815 0.13822483875 0.549715165 0.1378442075 0.5476464 0.14088930375 0.5488531799999999 0.14850205125000002 0.54730161125 0.1553535225 0.541784905 0.16753392250000002 0.52420040875 0.17914336125 0.5014440025 0.17914336125 0.4971340775 0.17781113625 0.49420333 0.17666922625 0.49265175375 0.17457572375000002 0.4923069625 0.17076935 0.49299655625 0.16505978875 0.49420333 0.15725671 0.501961195 0.1418408975 0.52385561375 0.134608795 0.53402704
2 0.23262291625 0.5990773225 0.235287395 0.6006288925 0.2497516 0.6018356725 0.25812564 0.60028410375 0.28229611125000004 0.5959741775 0.2895282275 0.59356063 0.30037638875 0.58804391125 0.3043730925 0.5845959712500001 0.30246990625 0.5806308412500001 0.30170861375 0.57838968125 0.3001860575 0.57563132625 0.29771193749999997 0.5751141362500001 0.29086045250000003 0.57476934 0.27468336250000003 0.57718290125 0.243090445 0.58166522125 0.23623898875 0.5839063875 0.23243261499999998 0.5868371312499999 0.22957783375000002 0.59011269 0.2289454075 0.5931654975 0.2303390975 0.5956293825 0.23091005875 0.59631896625 0.23262291625 0.5990773225
2 0.21282978125 0.68987600375 0.22006189875 0.6750498575 0.22006189875 0.6674643924999999 0.22139412375 0.6578101562499999 0.2265327225 0.64643195625 0.22843591 0.6386740875 0.22805527874999998 0.63453656 0.2265327225 0.63108862 0.22520049749999999 0.629709445 0.2202522 0.6266063 0.21777808 0.6276406787500001 0.2143523375 0.6298818425 0.210926595 0.6350537525 0.19988810375 0.66384405125 0.19684300749999997 0.6826353275 0.19817523250000002 0.6905655875 0.20277206 0.6939575425 0.20616862625 0.69522032125 0.20807181375 0.69435833625 0.21282978125 0.68987600375
2 0.154782575 0.75793165625 0.16315660125 0.75758686125 0.16905647875 0.7563800937499999 0.17781113625 0.7532769362499999 0.19265600125 0.74810502625 0.205787995 0.7422435249999999 0.21282978125 0.73845079 0.2154942325 0.7337960750000001 0.21682648624999998 0.727417385 0.21930060625 0.7272449837499999 0.2143523375 0.72500382375 0.20826214375 0.72293505875 0.20312351625000002 0.723452255 0.18923025875 0.727934575 0.16144373 0.73914038 0.1526890725 0.74465708625 0.14850205125000002 0.75017379125 0.1486923675 0.7539665200000001 0.14983429125 0.75758686125 0.15097620125 0.75827644625 0.154782575 0.75793165625
2 0.3409371525 0.8466150100000001 0.34550479 0.85368327125 0.3504530875 0.8573036125 0.3555916875 0.8588551825 0.35901743 0.8581655975 0.36168188 0.85282128625 0.36206251125 0.84713218625 0.360539985 0.8397191162500001 0.352356275 0.82747893125 0.33846300375 0.806963685 0.32989866125 0.7981714437499999 0.326663235 0.7961026750000001 0.32514069375 0.7961026750000001 0.3215038825 0.79884157375 0.31847953875 0.80075739875 0.31905048625 0.8098944349999999 0.3260922875 0.8262721512500001 0.3409371525 0.8466150100000001
2 0.28460280250000003 0.721639765 0.29887670624999996 0.73801748125 0.31219901499999997 0.74905090625 0.32190526625 0.7538780075 0.32590197125000003 0.7550848012500001 0.32818579 0.75456759875 0.33104059999999996 0.75060246875 0.33199217875000003 0.7474993175 0.330850255 0.7419826175 0.32323750625000003 0.7312940025 0.30154117125 0.7081928000000001 0.29430905375 0.70077973 0.29107364125 0.6988833687499999 0.28688663625 0.6983661725 0.2817679825 0.69783416 0.2792738875 0.70077973 0.27851261 0.7080204025000001 0.27889324125000003 0.71301991875 0.28460280250000003 0.721639765
2 0.40970052375 0.67871831 0.40760700624999996 0.6847522062500001 0.40703604374999997 0.68992411625 0.404752225 0.69699239125 0.40418126375 0.7061294375 0.40551351750000003 0.7119909387500001 0.4085586 0.71543887875 0.41293593625 0.7175076375 0.41598104625 0.718714425 0.42245187125 0.7149216825000001 0.4266388775 0.7114737425 0.43177747625 0.68406262125 0.43310972999999997 0.6635473749999999 0.43063558125 0.65820307 0.42435505874999996 0.65820307 0.41902612875 0.66096142 0.418074535 0.6642369662500001 0.41407786 0.673201605 0.40970052375 0.67871831
2 0.30635745750000004 0.674408385 0.32405709 0.67595996125 0.34118577375000003 0.67544277125 0.36078860625 0.67458078625 0.36687879875 0.67233962 0.36992390999999997 0.66958128375 0.3704948575 0.66613333 0.3704948575 0.66320258 0.36744976125 0.660616625 0.36383370249999997 0.6590650549999999 0.35127267125000006 0.6559619037500001 0.33718908375 0.656134305 0.32044104500000004 0.6573410850000001 0.30978318625 0.6597546400000001 0.30102852875 0.6618234049999999 0.29360609625 0.66509895125 0.29461671625 0.66789806125 0.29531896750000003 0.66992606625 0.2993156575 0.67216723875 0.30635745750000004 0.674408385
2 0.41589138 0.59657010375 0.42388477375 0.59708729375 0.43225878625 0.5963977087500001 0.4463423875 0.59570811875 0.458903405 0.59277736875 0.46975159499999997 0.5907086025 0.4745095625 0.58863984375 0.47793527625000004 0.5863986775 0.48002879375 0.58174396375 0.48193198125000003 0.58139916875 0.47964816125 0.5789856075 0.47603208875 0.5762272575 0.47127412125 0.57484808375 0.45757117999999997 0.57484808375 0.4448198325 0.5755376675 0.4193171225 0.5815715625 0.41037214874999994 0.58519190375 0.409230225 0.5867434724999999 0.407898 0.58950182875 0.407898 0.5922601787499999 0.40827863125 0.59450133875 0.41170437374999996 0.59605291375 0.41589138 0.59657010375
2 0.5137151999999999 0.662716785 0.51676031 0.65357973875 0.5186634975 0.63478846125 0.517902205 0.61668677625 0.51695061125 0.610308085 0.5137151999999999 0.606342955 0.50686374375 0.60134344625 0.5036283025 0.60220543125 0.50020258875 0.60444659125 0.49582525250000004 0.60996329625 0.49468332875000004 0.63047853625 0.493731735 0.6515109800000001 0.49582525250000004 0.6608204075 0.49734780749999996 0.666509515 0.50058322 0.6685782725 0.5040034987500001 0.6681134287499999 0.50781533625 0.6682334849999999 0.51028945625 0.666164725 0.5137151999999999 0.662716785
2 0.5158120075 0.57599618875 0.5186667887499999 0.57444461375 0.528563355 0.56651435375 0.5354148412499999 0.5584116925 0.5466436325 0.5344485125 0.54968874375 0.51979476625 0.54759522625 0.51617442875 0.54474044625 0.5123816999999999 0.54131470375 0.51169210625 0.5371276975 0.51255409125 0.53198909875 0.51514004625 0.52932461875 0.51996716125 0.5171442325000001 0.54427514375 0.5089605225 0.55858409375 0.50686703375 0.5668591625 0.5072476662500001 0.572375855 0.5099519875 0.57485924875 0.5125765962500001 0.57616858375 0.51371849 0.576513385 0.5158120075 0.57599618875
2 0.40470362875 0.3486660225 0.3759654925 0.35366553875 0.364736685 0.35676868375 0.36340446 0.35866504749999994 0.36035936375 0.36125100250000003 0.35845617625000004 0.3664229125 0.36054967875000005 0.37073283875 0.36625924125 0.37366358875000005 0.37120752375000005 0.37469796875 0.376917085 0.37435318 0.39480706125 0.36987085375 0.41555179000000003 0.3664229125 0.42354517 0.3646989425 0.42811283625 0.36314737375 0.4313482475 0.36107860875 0.43191921 0.35969943375 0.43153855 0.35625149375 0.43191921 0.35228635750000004 0.42887409875000004 0.3503899925 0.41155508500000004 0.34832122750000005 0.40470362875 0.3486660225
2 0.48714683625 0.24406940625 0.48200823625 0.24613817125 0.45612488749999996 0.26148151124999996 0.44851213875 0.2668258125 0.44717990625 0.2706185475 0.44698958375 0.2751008675 0.44927341 0.27889360375 0.44717990625 0.27923839875 0.45136691999999995 0.2807899675 0.45631520375 0.28147955875 0.46164412624999995 0.28096236874999997 0.47058911375 0.27699723875 0.49057257875 0.26579143250000004 0.50827221 0.25458563 0.51055604375 0.24993090625 0.51131730625 0.24786214125 0.5109366750000001 0.24562098124999998 0.5101899275 0.24319311625 0.5077012624999999 0.24062146625 0.50180137125 0.23993188499999998 0.49323702875000003 0.24251784 0.48714683625 0.24406940625
2 0.51455273375 0.298546865 0.5252105775 0.29406453875 0.54100703625 0.28596187749999996 0.5573744425 0.2756180575 0.56289368875 0.2697565625 0.56308400375 0.26492944749999997 0.560609855 0.26113670875 0.55794539 0.26010233 0.553758385 0.25975754125 0.5450037262499999 0.26217109125 0.53358460375 0.2654466375 0.51550432625 0.27527326875 0.50199170125 0.28406551375 0.49723373375 0.29096139375 0.49875627375 0.29475412875 0.49932723625000003 0.29768488000000004 0.50427552 0.29923644875 0.51455273375 0.298546865
2 0.59467692125 0.32907734625 0.5874447899999999 0.342007135 0.58592225 0.34769622125 0.58592225 0.35373011624999995 0.5882060675 0.35666088 0.59125117875 0.35855723125 0.59429626125 0.35907442875 0.59962519125 0.35648847250000004 0.60590571375 0.349765 0.6144700562500001 0.33338727125 0.62360536 0.30718292375 0.62398599125 0.30045944875 0.62113121125 0.2970115075 0.61702477375 0.29703502 0.608950825 0.30528655625 0.60609604375 0.309596485 0.6028606025 0.31252723499999996 0.59467692125 0.32907734625
2 0.62855362875 0.37073644 0.6135184625 0.37452918875 0.6053347525 0.37711514375 0.6015283775 0.37918389625000004 0.5975317025 0.38418340624999997 0.595247855 0.3872865575 0.5973413725000001 0.38711415625 0.5986735974999999 0.39142408125000006 0.60228967 0.39504441625 0.60647667625 0.3953892175 0.6180861 0.3945272325 0.64606297375 0.38780374625 0.6578627275 0.38194224624999995 0.6645238824999999 0.37763232125 0.667949625 0.37470157 0.6689012187500001 0.37263281125 0.667568965 0.37021926374999997 0.666992075 0.368106335 0.6641432512500001 0.365392135 0.65957558375 0.363668165 0.65044028 0.363668165 0.62855362875 0.37073644
2 0.7167318349999999 0.30859683875 0.7037901575 0.30652807374999996 0.69598707875 0.3058384925 0.6891356224999999 0.30773485375 0.6849485875000001 0.31014841875 0.6851389175 0.31376875 0.68666147375 0.31756148125 0.69008721625 0.32221620625 0.6957967775 0.32514695000000005 0.7098803499999999 0.32807769999999997 0.73367018875 0.33393920125 0.7412829375 0.33376680000000003 0.7525117299999999 0.33256002625000003 0.75517620875 0.33100845 0.75650843375 0.330146465 0.75645733625 0.326540385 0.75574717125 0.32256099374999997 0.7527020600000001 0.31876826875 0.74242486125 0.31514792375 0.7167318349999999 0.30859683875
2 0.66249098875 0.44030223999999996 0.6518331437499999 0.45237003000000003 0.64992995625 0.45702476375 0.6516428275 0.46271385125000003 0.653546015 0.46529980625 0.6554492025 0.46598939625 0.6583039825 0.46598939625 0.66325226625 0.4647826225 0.67505202 0.45892112124999995 0.69750963375 0.44081942875 0.708357795 0.42651047875000003 0.7079771625 0.4201317875 0.7049320525 0.41633905875000005 0.703409525 0.4153046725 0.7007794875000001 0.4144103725 0.69408389125 0.41495987749999996 0.68875496125 0.41702864375 0.678858395 0.42547609875 0.66249098875 0.44030223999999996
2 0.5805017075 0.5771041650000001 0.5844983975 0.57451821 0.589256365 0.56607075375 0.5913498675000001 0.55676132 0.59477561 0.528833 0.59496592625 0.51917877 0.59458528 0.5160756212500001 0.5923014612499999 0.51176569625 0.5884950875 0.50969693625 0.58564030625 0.51055892125 0.582785525 0.51193809375 0.578788835 0.51366206375 0.57612437125 0.51676520875 0.57307927375 0.5279710175000001 0.5698438475 0.5462450975 0.56794066 0.5595196687499999 0.56813099125 0.564519185 0.5698438475 0.5752077950000001 0.57307927375 0.57727656 0.57612437125 0.57779375 0.5805017075 0.5771041650000001
2 0.65130027625 0.596166905 0.64901642875 0.60254558875 0.64977772 0.61530297 0.6541550562499999 0.63323226125 0.65720013875 0.641162535 0.661577475 0.6459896362499999 0.6682386287500001 0.6466792275000001 0.67166437125 0.6459896362499999 0.67528041625 0.64305888625 0.67737393375 0.6392661575 0.677564235 0.63357705 0.6718546725 0.61426859 0.6688095912500001 0.59409813875 0.66671607375 0.58806424 0.66348066125 0.58530589125 0.6613871437500001 0.58271993625 0.66024525 0.5815131625 0.656522735 0.58347395375 0.65491632 0.5828923300000001 0.6532034625 0.5839267125 0.6514905775 0.58944341875 0.65130027625 0.596166905
2 0.56013759625 0.65588522625 0.56242143 0.6646774775000001 0.5669890675 0.6705389725 0.570605125 0.6710561625 0.574601815 0.6686426075 0.57764692625 0.6626087125 0.58297584125 0.631749645 0.5831661575 0.61933705875 0.58126297 0.6112344075 0.577075965 0.6072692712500001 0.574792145 0.60623488875 0.57212768125 0.6046833162499999 0.567750345 0.60847604875 0.56394397 0.62106102875 0.5605182425 0.6429554500000001 0.56013759625 0.65588522625
2 0.6452100537500001 0.6974843737499999 0.66214843625 0.71713762875 0.67052244875 0.72351631875 0.67623200875 0.725067895 0.67813519625 0.72368872 0.6788964887500001 0.7212751725 0.6804190149999999 0.7138620887499999 0.6783255262500001 0.70644901875 0.67375786 0.6988635474999999 0.65929365625 0.6823134375 0.64958739 0.6731763937499999 0.6421649725 0.66955605625 0.63854889875 0.66697010125 0.63645541 0.66628051375 0.63463229875 0.6683287962500001 0.632268405 0.67041804125 0.63093615125 0.67352118625 0.63436189375 0.6821410362500001 0.6452100537500001 0.6974843737499999
2 0.5376799975000001 0.7305845999999999 0.5534764412500001 0.74213520125 0.56870193875 0.7493758699999999 0.5791694675 0.7519618250000001 0.5816436162499999 0.7519618250000001 0.583927435 0.75092744625 0.5858306225 0.7490310812500001 0.5846887125 0.7436867775 0.57745659625 0.7328257600000001 0.5544280349999999 0.7133449000000001 0.54015413125 0.7016218974999999 0.53596712625 0.6993807375 0.5325413837499999 0.6990359425 0.530257565 0.7002427225 0.5275931 0.7004151237499999 0.52511895 0.7002427225 0.5228351325 0.7036906625 0.52264481625 0.70972455875 0.52645119 0.71851681 0.5376799975000001 0.7305845999999999
2 0.63854889875 0.7703133624999999 0.64330686625 0.7782436287500001 0.6532034625 0.7877254637500001 0.67489978375 0.8016896187499999 0.6836544562500001 0.8039307787500001 0.6891736875 0.8039307787500001 0.6931703924999999 0.8022068087499999 0.6945026175 0.79962085375 0.6964058037499999 0.8020344275 0.69507357875 0.79703489875 0.6946929187499999 0.79496614 0.69336069375 0.79186298875 0.6906962425000001 0.78910463875 0.685938275 0.78513950875 0.66747736625 0.7706581575 0.65529695125 0.7639346775 0.648445495 0.76117632125 0.64387782875 0.76031433625 0.6414036799999999 0.7608315299999999 0.63843933125 0.7635212837500001 0.63645541 0.76514145125 0.63645541 0.7668654225 0.63854889875 0.7703133624999999
2 0.555760275 0.8078048237500001 0.55614090625 0.83194041125 0.5578537775 0.84435299 0.5597569649999999 0.84849052125 0.562611745 0.85124887125 0.56394397 0.8531452350000001 0.5652762100000001 0.8543520225000001 0.56908258375 0.8531452350000001 0.5744115 0.85038688625 0.578788835 0.8455597775 0.58031137625 0.83900868625 0.57955011375 0.826940895 0.579930745 0.80504648625 0.5791694675 0.79987456375 0.5766953325 0.7902203337500001 0.57345990625 0.7860828025000001 0.57212768125 0.78504842375 0.5704148099999999 0.7860828025000001 0.56800923125 0.78656561875 0.5652762100000001 0.7860828025000001 0.56223109875 0.7878067725 0.5578537775 0.7941854637500001 0.555760275 0.8078048237500001
2 0.45649565375 0.77320937875 0.46022028125 0.7912547125 0.46650079624999996 0.80280531375 0.47144908 0.80556366375 0.4754457775 0.80642564875 0.47906182875 0.8053912687499999 0.481345655 0.8009089425 0.48153597 0.78332445375 0.48028549249999997 0.77476094875 0.47800165875 0.76458952875 0.47191146625 0.7509701624999999 0.468023345 0.7457419025 0.464787925 0.744017935 0.460791235 0.74384553375 0.45736550000000004 0.7448799175 0.45360794374999996 0.7460765062500001 0.45146561625 0.7507414162499999 0.45089466125 0.7547065449999999 0.45383118875 0.7628655587500001 0.45649565375 0.77320937875
2 0.47373159000000004 0.91677517875 0.46649947249999996 0.932635705 0.4590770475 0.9545301325 0.45869640875 0.961253605 0.46345437625 0.966425515 0.4657382025 0.9684942875 0.47144776374999997 0.9684942875 0.47620573125 0.9671151062500001 0.4790605125 0.9636671662499999 0.48286688624999996 0.9572884825 0.4963795125 0.92229188375 0.49695047375 0.91212046375 0.49599888 0.9081553275 0.49485697125 0.90660375875 0.4923828225 0.90401780375 0.48785094625 0.9025645175 0.48457975750000004 0.9035006137499999 0.48058306 0.9081553275 0.4784895575 0.9116032675 0.47373159000000004 0.91677517875
2 0.7253745575 0.8467745275 0.74688056375 0.8579803325 0.75944161 0.86453142375 0.76743499 0.866255395 0.7714316800000001 0.866255395 0.7693381775 0.8648762125 0.7712413637500001 0.8631522425 0.7716219962499999 0.85918711375 0.7676253062499999 0.8519464375 0.75506427375 0.8426370025 0.74916439625 0.8386718725 0.74307418875 0.8331551675 0.7331776225 0.82781086 0.7274680612500001 0.82556969625 0.7156682987499999 0.82367332875 0.71072001625 0.8226389487500001 0.70863149125 0.8255471575 0.707865235 0.82781086 0.70824586625 0.8314311974999999 0.71243288 0.8367755025 0.7253745575 0.8467745275
2 0.7815185775000001 0.62487795 0.7908441974999999 0.621257615 0.80074076375 0.614361735 0.8211048599999999 0.5993631937499999 0.83081112625 0.5898813574999999 0.83271431375 0.5841922575 0.83271431375 0.577985965 0.83081112625 0.57574480125 0.824911235 0.5740208312499999 0.81844041 0.57384843375 0.81425339 0.5760895975 0.80930510625 0.5793651425 0.7976956675 0.5890193725 0.78932164125 0.59626004875 0.78132826125 0.60281113375 0.7767606100000001 0.608672635 0.77105104875 0.61591330375 0.76990913875 0.61884405375 0.77028977 0.6209128325 0.772161345 0.622240125 0.77447677625 0.6245331537500001 0.7788541125 0.625739935 0.7815185775000001 0.62487795
2 0.8222467837499999 0.49375123625 0.7980762987500001 0.48926891 0.7870378225 0.48685535625 0.78170889375 0.486682955 0.7761896475000001 0.48944131125 0.77276392 0.49185486500000003 0.7735251825 0.49564760125 0.77523805375 0.49909554125 0.77904442875 0.5027158825 0.7931280162500001 0.50771539125 0.808924475 0.510646155 0.81939200375 0.5121977175 0.83024016375 0.5127149074999999 0.8374722812500001 0.51150814 0.8424205650000001 0.5104737475000001 0.8443237512499999 0.50995655125 0.84497084 0.5076645525 0.84565597625 0.5054742449999999 0.8443237512499999 0.50306067125 0.8386141899999999 0.49875074625000004 0.8222467837499999 0.49375123625
2 0.78266048625 0.4086210725 0.77637996375 0.41879249875 0.7683865837499999 0.42861913 0.76515117125 0.43448062375 0.7641995774999999 0.44085931500000003 0.7659124350000001 0.44534163499999996 0.7678156212499999 0.44792759 0.76743499 0.44654841500000003 0.7723832737499999 0.44792759 0.779425075 0.44706560500000003 0.787418455 0.44223849000000004 0.7948408874999999 0.431205085 0.80093108 0.42155084875 0.8068309575000001 0.40879347375 0.8083535125 0.3960360925 0.80797288125 0.3920709625 0.8047374537499999 0.391898565 0.80226332 0.390174595 0.79598279625 0.3934501375 0.78856036375 0.39862204749999997 0.78266048625 0.4086210725
2 0.9059870025 0.3479867225 0.8865744999999999 0.35057267875000003 0.87249092625 0.3553998 0.86582977125 0.36039930875000004 0.86164276625 0.36384724875 0.86164276625 0.36643320500000004 0.86449754625 0.37074313 0.8690651837500001 0.37453587874999994 0.8766779325 0.37522545625 0.89913554625 0.3693639675 0.9208318675 0.36436443875 0.9290155775 0.361433695 0.9328219525 0.35850294499999996 0.93491546875 0.35712376999999995 0.9356767324999999 0.3553998 0.93562579875 0.35152302874999997 0.9347251387500001 0.34936590375000004 0.92958654 0.34746953374999995 0.9147416749999999 0.34729713875 0.9059870025 0.3479867225
0 0.1600550525 0.26975210125 0.169673865 0.27711311625 0.17464911125000002 0.28011761125 0.17813178000000002 0.2774135675 0.18459960250000002 0.270803675 0.18493127999999998 0.2693014275 0.18725306374999998 0.26509513625000003 0.18874564 0.2632924375 0.18609217749999998 0.26088884375 0.17514664124999998 0.252776705 0.16950802625000003 0.25022288249999997 0.16668871375 0.24947175875 0.1638694125 0.24947175875 0.1617134675 0.25022288249999997 0.15872832750000002 0.25097400625 0.15590901499999998 0.25337760625 0.15507980625 0.25983727 0.15557733625 0.2632924375 0.1600550525 0.26975210125
0 0.30206456 0.2982483875 0.308791595 0.30252685375 0.32009874000000005 0.306610845 0.32832861625 0.30907420125 0.331978395 0.3093335025 0.33283716249999995 0.30868525 0.335556605 0.2980539125 0.33569973124999997 0.295979505 0.33756040374999996 0.294099575 0.337488835 0.29046936125 0.3368447625 0.2893025075 0.3352703525 0.28833012875 0.32646794874999996 0.28632054875 0.31652052999999997 0.28424614 0.3106522625 0.28353306375 0.30485556375 0.28482956875 0.30192143375 0.28670949875 0.30081842375 0.2880732875 0.2997745075 0.2891080325 0.299273555 0.2907934875 0.30013232875 0.294683 0.30206456 0.2982483875
0 0.21956889749999997 0.444074855 0.22561727625 0.4505751575 0.23207571625 0.45661114625000004 0.24109701875 0.46255426499999996 0.24324982875 0.46339001875 0.25175856625000004 0.45271096125 0.2525786875 0.45150377124999996 0.2543214375 0.4473250025 0.25421892375 0.44639638875000004 0.24888814625 0.44240335125 0.23843163374999998 0.43738883625 0.23156314125000002 0.435253025 0.226642425 0.435160165 0.22469464125 0.435903055 0.22303400875 0.4364430925 0.22141416875 0.43701739250000005 0.21926135875 0.44045326 0.21915883749999998 0.44184618125 0.21956889749999997 0.444074855
0 0.40583765875 0.3833877325 0.4033773 0.38552354375 0.40019934125 0.39406678999999994 0.3989691575 0.40326006625 0.39866161875000006 0.41226761625 0.3982515575 0.41458914999999996 0.3989691575 0.4157034875 0.41270615125 0.41765357875 0.41936961625 0.41765357875 0.42111237375 0.416724965 0.4221375225 0.41579635125000003 0.4226500975 0.40214573000000003 0.42182997499999997 0.39100236375 0.4207023125 0.38496637624999996 0.41957465125 0.38190195125000004 0.41875452875 0.38060189125 0.4179344075 0.38013758375 0.41660171875 0.38004472375 0.413360125 0.3804115125 0.411783515 0.37958041625 0.41065585374999997 0.37958041625 0.40952819124999995 0.38041616875 0.40583765875 0.3833877325
0 0.45536137250000003 0.4967108975 0.46099968875 0.49541083625 0.4661254325 0.49160352125 0.47371153374999997 0.48426747249999996 0.47791464875 0.4774886 0.4810926 0.47414558625 0.4830403925 0.47238121875 0.48826864125 0.4666238125 0.49226673 0.46058782375 0.49339438375 0.45631620125 0.49042145875000004 0.45585189375 0.48796110875 0.45455183499999996 0.47514674375 0.449537325 0.47432662125 0.4499087675 0.47289142 0.45102310375000004 0.44951802874999996 0.481203055 0.44675013 0.48538181625 0.4464425825 0.48881768125 0.44705767 0.49234641500000004 0.449374695 0.494678815 0.45197838625000003 0.49541083625 0.45392617 0.49606087000000004 0.45536137250000003 0.4967108975
0 0.84244568625 0.3114081725 0.83810878125 0.30448650625 0.8271632725000001 0.29344926875 0.816114505 0.28269263875 0.8130167187499999 0.27979302624999997 0.8119841237500001 0.28035424 0.800625575 0.29316866125 0.8007288325 0.294197555 0.8019679437499999 0.29560059375000003 0.80682114625 0.30074507 0.8181796962500001 0.31178231 0.82840238375 0.3202005425 0.8336686262499999 0.3224454025 0.8382120387499999 0.3232872275 0.8407935275 0.32272601375 0.8441893899999999 0.32066004249999996 0.84440761125 0.31617849625 0.84378805625 0.31412070875000003 0.84244568625 0.3114081725
0 0.77078464125 0.7332850962499999 0.76958206625 0.73709776375 0.76898078125 0.7407547999999999 0.77396287 0.74254442125 0.78349757 0.74433403125 0.7877924774999999 0.74433403125 0.7894245375 0.7434781287500001 0.79088481 0.7363974725 0.79088481 0.7314176725 0.7896822349999999 0.72869434375 0.7883937625 0.72628225 0.78727708375 0.72511510875 0.78650400625 0.7246482537500001 0.78573092125 0.7240257800000001 0.78366936375 0.72394796875 0.7805770325 0.72387016 0.77559493625 0.72612663375 0.7722449075 0.7288499625 0.77078464125 0.7332850962499999
0 0.50121232125 0.847030635 0.49954262499999996 0.8496354375 0.49815121375 0.8508958225000001 0.49750188375 0.8535006199999999 0.49898605500000004 0.8603067074999999 0.50037746625 0.8713981125 0.5026037325 0.88022082 0.50742729 0.889883785 0.512158095 0.8923205337500001 0.514755385 0.89223651 0.5182802975 0.89047197 0.5209703675 0.88761509125 0.52217624625 0.88391795625 0.52226901375 0.87778407125 0.51892962 0.8616511225000001 0.51540472125 0.8519881574999999 0.513735025 0.8464424549999999 0.51299293625 0.84535011875 0.511601525 0.84501401875 0.50918973875 0.8456021975 0.50510827125 0.8457702475000001 0.5033458224999999 0.8458542775 0.50121232125 0.847030635