2 0.08839127375 0.32773725125 0.09634253 0.33691629624999997 0.10040651125 0.34019452 0.10358700625 0.34128726125 0.10606073249999999 0.34128726125 0.10818107625 0.33888321750000006 0.10871115125 0.3345122525 0.10888784375 0.3286114475 0.10606073249999999 0.3198695175 0.0998764225 0.30981629375 0.09139509 0.2995445325 0.085740855 0.2936437275 0.08132349 0.2908026025 0.07531587125 0.28861712 0.07319554125 0.28861712 0.07228058 0.2935535025 0.07036843125 0.29561065625 0.07001503375000001 0.297577595 0.0739023225 0.3069751675 0.08839127375 0.32773725125
2 0.2166410925 0.2383141575 0.20939660375 0.2383141575 0.20497923875000001 0.2383141575 0.2021521275 0.24049964 0.20091527125 0.24334076625 0.20197543625000003 0.24814882875 0.20497923875000001 0.25383108374999996 0.21045678124999997 0.25754640125 0.2187614225 0.2603875275 0.23978808125 0.26060608125 0.24915289999999998 0.25776495875 0.25551388875000003 0.254486735 0.25745754000000004 0.25251979375 0.25816430749999997 0.25120851250000004 0.25740017000000004 0.24795878999999998 0.25551388875000003 0.24290367125 0.25056646125 0.24028110000000003 0.23819784 0.23896979999999998 0.2166410925 0.2383141575
2 0.36522360875 0.344407915 0.3634566625 0.35096436249999996 0.36381004625 0.3640772575 0.36451682750000003 0.370196615 0.36928758875 0.370633705 0.37776892125000006 0.35883209625 0.38978415875000005 0.33173213500000004 0.39367143499999996 0.31512245499999997 0.39384814 0.31118858 0.39296466750000003 0.3087845525 0.39208119375 0.30747326625 0.3897231225 0.30665856999999996 0.3862502675 0.306380525 0.3805960325 0.309440195 0.37229139250000004 0.32342728625 0.36522360875 0.344407915
2 0.27523741375 0.39239166 0.26993657625 0.39239166 0.25315059 0.39610697375000004 0.24378577875000002 0.40025941000000004 0.24007519500000002 0.4050674575 0.23883833124999998 0.40834568125 0.23848494124999997 0.41140535125 0.23936841375 0.4144650475 0.24254892125000002 0.41752470875000003 0.24997009625 0.4183988975 0.26481244375 0.41752470875000003 0.2740005575 0.41577631625 0.28089164875 0.41293519125000006 0.28954968625 0.4081271275 0.28972637875 0.405504555 0.28965250875 0.40194332875 0.29025645375 0.3980739275 0.288136125 0.39588844625 0.28424884875 0.394795705 0.27523741375 0.39239166
2 0.31941106125 0.4457989775 0.3234750425 0.45869334375000004 0.32859918875 0.46699815875 0.3312496075 0.472024775 0.3333699375 0.47289897125 0.3356669725 0.46852800625 0.33778730125 0.46612396250000004 0.3384940825 0.46350139 0.33884746625 0.45869334375000004 0.33708052125000004 0.44339496625 0.33089621 0.41804335625 0.32806909875 0.4103941675 0.327008935 0.40733448875 0.32400513125 0.40558610375 0.32168394125 0.40494657375000004 0.31888098625 0.40733448875 0.316053875 0.41279819500000003 0.3151704025 0.42525544625 0.31941106125 0.4457989775
2 0.48530690249999997 0.32204586749999997 0.47541200875 0.3353773075 0.46940439 0.34564909374999997 0.46781414875000005 0.35286116749999996 0.46728406 0.357887775 0.46905100625 0.36247729375 0.47081795249999997 0.365099875 0.47240820624999996 0.366192615 0.475058625 0.36531843625 0.48000606500000004 0.36182165125 0.49820562625000003 0.33734424500000004 0.5033297587500001 0.32554263624999996 0.5040365274999999 0.32248296625 0.5040365274999999 0.32029748374999994 0.5040365274999999 0.31986038499999997 0.50279967 0.31658216125 0.50194359 0.31512225875 0.5013861075 0.313085385 0.49926577875 0.312648295 0.493434865 0.315707965 0.48530690249999997 0.32204586749999997
2 0.51781871 0.2888265325 0.51410814 0.3176749025 0.513931435 0.32488699375 0.515521675 0.33078779750000004 0.51675855875 0.3323176375 0.5185255049999999 0.33275472624999997 0.520645835 0.331661985 0.5231195475 0.33013215375 0.52700682375 0.325979735 0.53018733125 0.31876764375 0.533544545 0.3032507175 0.53601825875 0.283144285 0.535134785 0.2770249275 0.5344280175 0.2711241225 0.53336784 0.26872009125 0.53248436625 0.266971705 0.5302196124999999 0.26761639125 0.52718352875 0.26872009125 0.52453311 0.2698128325 0.5208225125 0.27636928 0.51781871 0.2888265325
2 0.54290933625 0.46110062375 0.5473267012499999 0.46503448249999996 0.54997712 0.4643788475 0.5513906825 0.46306756125 0.5540411012500001 0.46328610625000005 0.55563136875 0.46197482125 0.55545466375 0.45148449749999997 0.55421780625 0.44536514875 0.5490936475 0.42941112 0.54131909625 0.41258291125 0.5358415525 0.40755629499999996 0.53319113375 0.4066821075 0.53124751 0.40624500875 0.5296572425 0.40580791125 0.5271269225 0.405219595 0.5254165825 0.4069006525 0.52559328875 0.4156425825 0.53248436625 0.43815305000000004 0.54290933625 0.46110062375
2 0.59302372875 0.3992514625 0.59302372875 0.40471516874999997 0.59514405875 0.40864903625 0.59691100375 0.41039742875 0.59938473125 0.41083451875 0.6022118425 0.4095232325 0.60715929625 0.40515226749999994 0.61246013375 0.3981587225 0.61670080625 0.38919824249999996 0.6212948625 0.38001921875 0.6257122275 0.37018454749999996 0.626418995 0.36406519875 0.62465205 0.35685310375 0.62359189875 0.35379342625 0.62217833625 0.35117084875000004 0.619244905 0.35116119375 0.61581733375 0.35313778375 0.6096330225 0.3614426175 0.59514405875 0.38985389 0.59302372875 0.3992514625
2 0.6637127175 0.41958427625 0.6677766850000001 0.43313427 0.6720173575 0.444280235 0.6746677762500001 0.4484326475 0.6776715925000001 0.44886975375 0.68032201125 0.44886975375 0.68244234125 0.44581006625 0.6842092875 0.44100201125 0.6854461575 0.43728669 0.6850927874999999 0.43029316125 0.68226564875 0.41739879375 0.67802497625 0.40581573875 0.6697203362499999 0.387676235 0.6677766850000001 0.38549075250000003 0.66636313625 0.38549075250000003 0.6651262662499999 0.38549075250000003 0.6638680037500001 0.38829221750000004 0.66070890125 0.39073591375 0.6592953525 0.393795585 0.660178825 0.40363025625 0.6637127175 0.41958427625
2 0.6986982512500001 0.41674315125 0.70311561625 0.4263592775 0.7064728025 0.43007459875000004 0.70912322125 0.43160443 0.71265711375 0.4333528225 0.7158376212500001 0.43247864375 0.7176045675 0.43007459875000004 0.7183113350000001 0.426796375 0.7177812725 0.41980283 0.7147774425 0.4071270325 0.7085931325 0.3857092975 0.70223214375 0.37325205875 0.6992283399999999 0.36953672875000004 0.69693130625 0.36866253625 0.6939112787499999 0.36972670625 0.6911003787500001 0.37084801874999995 0.69039361125 0.38133833250000004 0.6921605574999999 0.39270284375000003 0.6986982512500001 0.41674315125
2 0.6774609225 0.579025345 0.6696863575 0.58077373875 0.66668254125 0.583177765 0.6657990687500001 0.58798582875 0.668272795 0.59366808 0.6730435575 0.59694630375 0.67763761375 0.59935034 0.6868257275 0.6002245275 0.7030816375000001 0.59913178625 0.707145605 0.5978205 0.7172172050000001 0.5919197125 0.719337535 0.5903898562500001 0.7177691724999999 0.5865063575 0.716687115 0.5827406675 0.7119163675 0.57924389875 0.69583714875 0.57793260375 0.6774609225 0.579025345
2 0.77756427875 0.62086006875 0.76572574625 0.62960199875 0.76325201875 0.6389995549999999 0.76325201875 0.6429334299999999 0.765018965 0.6453374574999999 0.76713930875 0.6475229400000001 0.7699664187499999 0.64817859125 0.7742070925 0.6475229400000001 0.7941735725 0.6361584462500001 0.8068955775000001 0.6250124725 0.80954599625 0.62086006875 0.81095955875 0.618456025 0.81095955875 0.6169261850000001 0.8096662487499999 0.61298951375 0.81078288 0.60905844375 0.802301535 0.60927699625 0.79576384 0.60993264 0.77756427875 0.62086006875
2 0.824835365 0.59550845875 0.8327866225 0.59769394125 0.84162135125 0.59769394125 0.8621179075000001 0.59201168125 0.8711293425 0.58523668875 0.87377976125 0.57824314375 0.87377976125 0.5727794374999999 0.8711293425 0.5697197625 0.86529841625 0.5684084725 0.85116284875 0.57081250375 0.8216548575 0.58283265375 0.8182976712500001 0.58698507375 0.819165225 0.58978262375 0.81847435 0.5933229762500001 0.8205946787499999 0.59419716375 0.824835365 0.59550845875
2 0.91466120125 0.6351387562499999 0.9226124575 0.6438806862500001 0.9418721575 0.6552451975 0.95265053875 0.6572121350000001 0.9568911975000001 0.6561193937500001 0.9598950275 0.65480809875 0.9621920350000001 0.6513113312500001 0.9621920350000001 0.6462847225 0.9575979925 0.6419137575 0.95053020875 0.6362314975000001 0.9348043737499999 0.6259597325 0.92278915 0.6211516775 0.91872516875 0.62005893625 0.91660483875 0.62049602625 0.915014585 0.62246296 0.9137131775 0.6263676025 0.9114806937500001 0.626833925 0.9102438362499999 0.6274895675 0.910067145 0.62945650125 0.91466120125 0.6351387562499999
2 0.9192552575 0.70747822375 0.911657385 0.708133875 0.9095370549999999 0.70835242 0.90883027375 0.7118491887499999 0.9120107824999999 0.7192798324999999 0.9204921149999999 0.72692902125 0.9316238925 0.73348546875 0.9408120062499999 0.7363266025 0.9466429325 0.7354524062500001 0.9556543412499999 0.7354524062500001 0.95777467 0.7354524062500001 0.95901155375 0.734796755 0.958481465 0.7330483787500001 0.95855718375 0.73011605 0.9574212862500001 0.726054825 0.95441748375 0.721028225 0.9374547925000001 0.71337903625 0.9192552575 0.70747822375
2 0.83550201875 0.7271475662500001 0.8420397275 0.7363266025 0.8448668375 0.73873063 0.848930805 0.73916772 0.85105114875 0.73348546875 0.8526414025 0.726054825 0.85158122375 0.7190612875 0.8480473325 0.71097501 0.84009607625 0.6967693812500001 0.83338169 0.68671614875 0.8286109275 0.6808153437500001 0.8254304324999999 0.67841130875 0.82331009 0.6768814774999999 0.82189654125 0.6766629237499999 0.81982794375 0.6787878712500001 0.81765586875 0.6814710037499999 0.8169490875 0.6843121125 0.818892725 0.6930540424999999 0.83550201875 0.7271475662500001
2 0.7108665775 0.7070026475 0.71722759375 0.71246635375 0.7204080875 0.71268489875 0.7248254525 0.7118107100000001 0.7250021449999999 0.70809538875 0.7235885962499999 0.70416152125 0.72305850625 0.6982607175 0.720761485 0.6921413725 0.7165208125 0.68405507625 0.7020318475 0.66460428375 0.6953174612499999 0.65979622625 0.6916068774999999 0.65979622625 0.68966323375 0.66023331875 0.68640046 0.6618604925 0.6863060337500001 0.6667897662500001 0.68824967125 0.6733462137499999 0.6970844074999999 0.6893002375 0.7108665775 0.7070026475
2 0.7960333774999999 0.8232849950000001 0.7976236325000001 0.82896725375 0.79974396125 0.83071563875 0.80292447 0.83071563875 0.8068117587499999 0.82896725375 0.810168945 0.82700033375 0.81511639875 0.8195696725 0.8200638537499999 0.8033971074999999 0.82377442375 0.78984711375 0.82395112875 0.7846019525 0.823597745 0.7771713174999999 0.8227142725000001 0.77236325375 0.82253756625 0.7703963162499999 0.8220074775 0.7688664862500001 0.8197104425 0.7684293875 0.81783978625 0.7686121850000001 0.8138795425 0.7699592275 0.8094621775 0.77760841625 0.8002740512500001 0.80667533125 0.7960333774999999 0.8232849950000001
2 0.65749763625 0.7785338199999999 0.65237349 0.79536203625 0.6484862075 0.8141571987499999 0.64883959875 0.82202491625 0.65078323625 0.828362835 0.6527268875 0.8312039437500001 0.6557306900000001 0.8312039437500001 0.66191500125 0.81940234375 0.6712798200000001 0.79317655375 0.67446031375 0.77416285375 0.6742836225000001 0.77154027375 0.67340014875 0.76957333625 0.67269336875 0.7686991437499999 0.6700533837499999 0.76752009625 0.6679226199999999 0.7673878575 0.6647421112499999 0.76913624625 0.660148055 0.77438139875 0.65749763625 0.7785338199999999
2 0.6947801925 0.8475950625 0.7007878112500001 0.85917812625 0.7075022099999999 0.86376763625 0.71050601375 0.8626748949999999 0.714039905 0.862237805 0.71510007 0.8598337612500001 0.71386321375 0.85065474125 0.71333312375 0.84628377625 0.711919575 0.84125716 0.70608864875 0.8266144337500001 0.6993742487500001 0.8124087975000001 0.69248317 0.80650799375 0.6889492787499999 0.8045410562499999 0.6848852974999999 0.80475960875 0.68198233125 0.8057432087499999 0.68011454875 0.8080378337499999 0.68029124125 0.81459428 0.6848852974999999 0.82683297875 0.6947801925 0.8475950625
2 0.74849535 0.87491359375 0.75026229625 0.87119828 0.7530894062500001 0.862237805 0.75856693625 0.8274886225 0.75750677125 0.8128458962499999 0.7548563525 0.8124087975000001 0.7513224612499999 0.8124087975000001 0.7465517125 0.81503137875 0.7419576562500001 0.82464749625 0.7364801125 0.854370055 0.73630342125 0.8631119850000001 0.7391305312500001 0.87491359375 0.7408974775 0.8784103625 0.74251069375 0.8770020112500001 0.74602162375 0.87731762125 0.74725849375 0.87666198625 0.74849535 0.87491359375
2 0.9418265812500001 0.8101349175 0.9557854437500001 0.819313945 0.95684562125 0.819313945 0.9580824787500001 0.8186582987500001 0.9594960399999999 0.81647281625 0.9609096024999999 0.8131945924999999 0.96108628125 0.8064196 0.9600261299999999 0.8022671837500001 0.9511914 0.793088155 0.938469395 0.781723645 0.92945796 0.7766970375 0.9252173 0.7766970375 0.922920265 0.77778977875 0.9211533199999999 0.77844542125 0.9183522125 0.78062516375 0.9186795925 0.78325348375 0.92062323 0.7893728337500001 0.9291045762500001 0.79833332125 0.9418265812500001 0.8101349175
2 0.85012208625 0.9397493825 0.86655468875 0.945868715 0.8798067825 0.9469614562499999 0.8863444775000001 0.94149775 0.8881114237500001 0.93953082125 0.8891715875 0.9373453387499999 0.8881114237500001 0.934067115 0.8842241475 0.9303517925 0.87097205375 0.9253251849999999 0.8570131775000001 0.9213913087500001 0.8451746325 0.919642925 0.83793015625 0.92073566625 0.8357332074999999 0.9242348575 0.8343962650000001 0.92576227375 0.83616321125 0.928384855 0.84482124875 0.9349413025 0.85012208625 0.9397493825
2 0.39028103375 0.8857979525 0.3895742525 0.8967253662500001 0.38939756000000003 0.9041560099999999 0.38992763625000004 0.90590441 0.39434500125 0.90634149125 0.398055585 0.90612293875 0.40459329250000003 0.8962882675 0.41607844125 0.8707181287500001 0.42102588124999996 0.85563829625 0.42102588124999996 0.85148587625 0.42014240875 0.8493003937500001 0.41908224375 0.8477705625 0.417668695 0.8471149112499999 0.41554835124999995 0.8471149112499999 0.41042420625 0.8482076525 0.40441660125 0.8519229749999999 0.39558187125000005 0.8700624775 0.39028103375 0.8857979525
2 0.5533159375000001 0.83053722875 0.5587934675 0.8303186662500001 0.5748726725000001 0.82616624625 0.59059849375 0.8198283437499999 0.59572264 0.816331575 0.59819635375 0.81196061 0.59801966125 0.80846384125 0.59377898875 0.804967065 0.5891849312499999 0.80234448375 0.58211714875 0.8019073937500001 0.56798158125 0.8054041625 0.5554362675 0.811742065 0.54854517625 0.81764286125 0.54607144875 0.8209210849999999 0.546787595 0.8229436087499999 0.54854517625 0.82682189 0.5510189025 0.8292259249999999 0.5533159375000001 0.83053722875
2 0.14694140875 0.7086623075 0.1427007425 0.7261461674999999 0.14128717999999998 0.7331397049999999 0.14164057124999999 0.7372921250000001 0.14393759875 0.74013325875 0.14747149125 0.7396961525000001 0.15135877375 0.7388219725 0.15701300875 0.7331397049999999 0.16231384625 0.7213381212500001 0.167084595 0.7047284399999999 0.16796806749999998 0.696205055 0.16726128625 0.68833732125 0.167084595 0.6809066774999999 0.16690790249999998 0.67915829375 0.16478755875 0.6780655525 0.16178375625000002 0.67850265 0.15931003 0.6793768387500001 0.15701300875 0.6817808737500001 0.1533024175 0.6870260275 0.14694140875 0.7086623075
2 0.23776243 0.652276865 0.23369845 0.66823088125 0.232638285 0.67719135625 0.23334506624999998 0.6854961875 0.23670226625000002 0.69095989375 0.23864590375 0.692052635 0.24111963 0.69248973375 0.24412343374999998 0.6894300624999999 0.24818741374999997 0.68003248125 0.2563153625 0.65096556625 0.2586123975 0.64047525125 0.2586123975 0.63588574625 0.2573755275 0.63370026375 0.25613867125 0.63217041625 0.2538656675 0.63018991375 0.2524280875 0.62976638875 0.2496009625 0.631077675 0.24182641125 0.64091235 0.23776243 0.652276865
2 0.26850836125 0.6350745074999999 0.2635609075 0.6422865899999999 0.26179396125 0.64687610375 0.26197065375 0.652121265 0.26391430499999996 0.6588962574999999 0.265504545 0.6610817400000001 0.26868505375 0.660863195 0.27964012625 0.6499357825 0.29165536375 0.63376320875 0.29713288 0.62152451 0.29766296875 0.6193390225000001 0.2980163525 0.61759063875 0.29748626375 0.6164978975 0.29539607625 0.6149006687499999 0.29536593375 0.61125273875 0.28847485625 0.61453096375 0.279816805 0.621743055 0.26850836125 0.6350745074999999
2 0.30678512375 0.49233443125 0.28858557625 0.4962683025 0.28098771 0.5004207175 0.27710042749999997 0.5065400675 0.2767470375 0.5122223275000001 0.27798390125 0.5155005500000001 0.282047875 0.517248935 0.28787879499999997 0.5187787749999999 0.30802198125 0.51440780875 0.3203906025 0.51069248375 0.32745838624999996 0.50610297375 0.32887194875 0.50391749125 0.3292253325 0.50173200875 0.3287529475 0.49886622125 0.32816516749999997 0.49517556125 0.321274075 0.49408282 0.31579654625 0.4916787875 0.30678512375 0.49233443125
2 0.39866631124999996 0.6307589775 0.40114002499999996 0.6316331737499999 0.40432054624999997 0.63119608375 0.4082078225 0.62901060125 0.40803111625 0.62485818125 0.40467393 0.6071557675 0.39742944125 0.59295013125 0.38877140375 0.578307405 0.38364727125000003 0.57393644 0.3809968525 0.57240660125 0.37834643375 0.57240660125 0.37514329750000003 0.572855245 0.37428245250000003 0.57743320875 0.37746296 0.59229448875 0.392482 0.62332835875 0.39866631124999996 0.6307589775
2 0.43153150250000005 0.601910615 0.42446371875 0.60300335625 0.42145991625 0.60518883875 0.42004635375 0.60824850875 0.42092982749999996 0.61240094625 0.42428701375000005 0.619394475 0.43064802999999996 0.62332835875 0.4357721625 0.62507672625 0.452028085 0.6259509225 0.45909586875 0.6261694675 0.46174628875 0.6255138325 0.46422000124999996 0.62354688625 0.4698742225 0.62048721625 0.47146449124999995 0.6198315725 0.4707957825 0.61571973625 0.47075769624999997 0.6128380275 0.46722380375 0.6080299812500001 0.45291155875 0.60300335625 0.43153150250000005 0.601910615
2 0.07666157625 0.5561682287499999 0.08429743625000001 0.57331376 0.09299057625 0.58290363125 0.096279875 0.58537375625 0.09674977625 0.58464725125 0.09745462375000001 0.58363013625 0.09898179125 0.581595935 0.10050896749999999 0.5811600225 0.101213815 0.57883520125 0.10133128749999999 0.5763650862499999 0.10097886875 0.572441955 0.09475269875 0.5515185925 0.08288774125 0.5258002975 0.07959844625 0.5226036775 0.07842369875 0.521731865 0.07736642375 0.52144126375 0.076426625 0.52115066625 0.07572177375 0.52115066625 0.07390444875 0.52280804875 0.07125772999999999 0.5266721050000001 0.07020045999999999 0.5303046299999999 0.07067035625 0.53902269875 0.07666157625 0.5561682287499999
0 0.5602719775 0.47511725749999995 0.55070479625 0.47180090125 0.5360798025 0.47187627125 0.52559855625 0.47300684875000004 0.52047980625 0.47481576875000003 0.5192610575 0.47549411625 0.51889543375 0.47760452375 0.51944386875 0.484614095 0.5195048087499999 0.48868417625 0.5198094950000001 0.49079457875000004 0.52127199375 0.49252812749999997 0.52943761625 0.49426168 0.54771885875 0.49486465375 0.55643292 0.49358333875 0.56082041625 0.49237738625 0.5641719775 0.4909453275 0.56630478875 0.48898565875000005 0.5672797875 0.48823194125 0.56759360625 0.48732638 0.56673134875 0.48544318625000005 0.5656344775000001 0.48167459874999996 0.56435479125 0.47881047375 0.5602719775 0.47511725749999995
0 0.7630492175000001 0.4664894625 0.7580785937500001 0.475287485 0.7520795674999999 0.48779551125 0.749594255 0.49394352750000003 0.7494228574999999 0.49627552875 0.74976566 0.49754752875 0.7536221762499999 0.49903153375000003 0.75662169 0.49998553749999997 0.754393475 0.5011515375 0.7545648799999999 0.5023175387500001 0.75533618375 0.50337754125 0.75525047875 0.5068755525 0.756450285 0.5075115512499999 0.7585070949999999 0.50613355375 0.76322061625 0.50274154125 0.76544882375 0.50125753625 0.7727333562500001 0.49044551625 0.78096059125 0.47443947999999997 0.7831888062500001 0.46892747125 0.78396010375 0.46299145625 0.7829317025 0.45663144250000004 0.78164619625 0.45355744000000003 0.78036069125 0.45239143374999996 0.7786466837499999 0.45154343249999995 0.7750472700000001 0.45122543 0.77041944875 0.4559954425 0.7630492175000001 0.4664894625
0 0.48959548249999996 0.7133327850000001 0.48497711000000004 0.7169823275 0.4799738675 0.72205995625 0.4766383775 0.7260268512499999 0.47522720625 0.72832764875 0.4754196375 0.73070778625 0.47740810375000003 0.73523005125 0.48010215875 0.7419737737500001 0.48247548875 0.74736874875 0.48375837125 0.7481621275000001 0.48561855000000004 0.7464960325 0.49087836500000004 0.74054568875 0.4995378175 0.73046978 0.503835475 0.7234880375 0.50499006625 0.72071121 0.504669345 0.7176963700000001 0.5044127675 0.7161889487499999 0.503835475 0.7147608674999999 0.501975295 0.71277741875 0.49851151375 0.71150801125 0.49485530125 0.71142867375 0.48959548249999996 0.7133327850000001
0 0.61550113125 0.62649270625 0.6135766425 0.6278632075 0.6118854225 0.6293779712500001 0.6117687875 0.6316861875 0.61340168625 0.6373124575 0.61538449625 0.6456797299999999 0.617950485 0.6510896062499999 0.6210413312499999 0.6566437475 0.6227325525 0.6601060649999999 0.62372395875 0.6608995125 0.62553181375 0.66046672375 0.6297890187499999 0.65866343125 0.635212585 0.6552011175 0.63737035125 0.65325355625 0.63836175375 0.65188305625 0.6377202525 0.64950270875 0.6349793125000001 0.64308299125 0.632763235 0.63781737875 0.6299056562500001 0.6339943975 0.62646489875 0.6310370000000001 0.62226601125 0.6272861525 0.62028320125 0.62461728125 0.61905852625 0.623895965 0.6183003925 0.6234631749999999 0.61742562375 0.62310251625 0.6167841275 0.6238238325 0.61643422125 0.62497794 0.61550113125 0.62649270625
0 0.6787971987500001 0.7159913775 0.6788677624999999 0.71852225375 0.67964390375 0.72096585625 0.68183121125 0.7276857649999999 0.68380684875 0.7329220575 0.6846535462500001 0.7365874625 0.6888870487500001 0.74505279875 0.69432004125 0.7557871975 0.6979185225000001 0.761896205 0.6996824825 0.76355436625 0.70130532125 0.76372891375 0.7080083662500001 0.75945260625 0.70984288375 0.75919078875 0.7120301975 0.7577071762500001 0.71266521875 0.755961745 0.71365303625 0.75412904375 0.71414694875 0.7526454237500001 0.7120301975 0.74828184625 0.7065971987499999 0.73754744875 0.6955195375 0.72122767 0.68874593375 0.7131114175000001 0.68768755875 0.7125877875000001 0.6865811137500001 0.7130843525 0.6840185200000001 0.7139841325 0.6815489775 0.7152059375 0.6795027825 0.71555502 0.6787971987500001 0.7159913775
0 0.56128813125 0.9339053024999999 0.5685252737500001 0.9330840725 0.57815267 0.93037400625 0.5903695050000001 0.9267605925 0.5978722375000001 0.924132655 0.60145760875 0.9219153362500001 0.60218796625 0.92101198125 0.60152400875 0.9200265037500001 0.60046167625 0.9182197999999999 0.60026248625 0.9159203524999999 0.59933294375 0.9143600175000001 0.59813782125 0.91353878625 0.59594675625 0.9117320800000001 0.59521640375 0.9104181124999999 0.59528279875 0.90918626875 0.5958139675 0.9085292825000001 0.5957475675 0.90737955875 0.5954155875 0.90581922125 0.59302533875 0.90524436125 0.58997113125 0.9053264824999999 0.5814060675 0.90754380875 0.56825969375 0.9120605725 0.55936265125 0.91772706 0.55710519125 0.92092985875 0.55551169 0.9276639475 0.5553125025 0.9311952375 0.55597646125 0.9318522275 0.55703879375 0.9325913287500001 0.5584331075 0.93374105 0.56128813125 0.9339053024999999
1 0.37687330750000003 0.485946755 0.3779974275 0.4878006075 0.3766859575 0.49231935625 0.3764986075 0.49880782875 0.3781847775 0.5120164875 0.38165080625000003 0.53055496375 0.38549153625000004 0.539592475 0.38830182625 0.5431843024999999 0.3912057925 0.54387949375 0.39345402625 0.5439953574999999 0.39570226 0.5437636299999999 0.39617064125 0.54063526625 0.39635799125 0.528469395 0.39617064125 0.516419375 0.39457813875 0.50680254125 0.39223623 0.4974174375 0.39055006 0.49208762749999996 0.387833445 0.490581375 0.38642829999999995 0.48559916000000003 0.38492947875 0.48258665624999997 0.3831496275 0.48154386625 0.38165080625000003 0.48073280875 0.37902786624999996 0.47957415374999995 0.37715433875000004 0.48061694375 0.37631125 0.48362944625 0.37687330750000003 0.485946755
1 0.2113176175 0.28787095125 0.211484715 0.29634455375 0.21340628875 0.3086416075 0.21541141374999997 0.32279872249999997 0.21699880624999998 0.33003228375 0.21841909999999998 0.33292571125000003 0.22017358250000002 0.33313238125 0.2220116175 0.33602581 0.22393319125000002 0.33995259625 0.225269945 0.34067595625 0.22610541375 0.33974592625 0.22886245625 0.3393325775 0.23078403625 0.33819587749999996 0.23170305 0.3366458275 0.2328727075 0.33013561875 0.23237142125 0.31794190499999997 0.22902955375 0.3017180575 0.2256041275 0.28611422875 0.22251289624999998 0.27970736125 0.22075841375 0.27753729125 0.21883683375000001 0.27578056875 0.217332995 0.27619391625 0.21432530249999998 0.27970736125 0.21223663125000003 0.28260078875 0.2113176175 0.28787095125