2 0.2050969825 0.16006091125000002 0.20948664375 0.18515329000000003 0.21051951 0.19719762500000002 0.21439274749999998 0.20455805875 0.21852419625 0.20690004250000002 0.22472137875 0.20455805875 0.2304021375 0.1955248 0.2324678525 0.18448415625 0.2304021375 0.1617337375 0.22446316625 0.137979625 0.21929885124999998 0.12459703 0.21671669375 0.11957855375 0.21387632374999999 0.115898325 0.211294165 0.11288725375 0.20667290875 0.11209597125 0.20044909125 0.11857484875 0.19864158875000001 0.12560071 0.19889980000000002 0.13496853375 0.2050969825 0.16006091125000002
2 0.339726845 0.15838808625 0.34747331875 0.15805352625 0.35806016125 0.15336961125 0.3812995825 0.13496853375 0.38982071124999995 0.119243975 0.38956249875 0.1068650725 0.38878784375000003 0.1008428975 0.387496765 0.0988355125 0.38465639500000004 0.09783182625 0.37794278875000004 0.10017377124999999 0.35960945250000004 0.1138909325 0.33740289875 0.13296114875 0.33172216 0.14165983499999998 0.33257487124999996 0.15054798249999998 0.33275502625000003 0.15571156875 0.33559539625 0.15872264625 0.339726845 0.15838808625
2 0.47865789375 0.34935263375 0.4861183625 0.36095228625 0.49084333 0.3706186675 0.49780642375 0.37480744125 0.5007906225 0.37545185750000004 0.5037748025 0.37512965000000004 0.50651030375 0.37222973000000004 0.50849977 0.366752125 0.50999186 0.35644130375000005 0.5067589825000001 0.34484165125 0.5000445675 0.33034208 0.49109200875 0.3171313525 0.4868643975 0.3116537475 0.48313416375 0.30843162 0.47318687125 0.30359843000000003 0.46871060124999997 0.29876524 0.46373695499999995 0.29683195625 0.46206942625 0.30197457499999997 0.4597580425 0.30617612875 0.45926066624999995 0.31036491625 0.46299090125 0.3206757 0.47865789375 0.34935263375
2 0.5418232012499999 0.24914448 0.54157450375 0.2562331625 0.54629947125 0.28072132125 0.5520191725 0.2990874725 0.5569928175 0.3087538525 0.56196646375 0.31358704249999997 0.56992429 0.31552029000000004 0.573654525 0.31552029000000004 0.57713608 0.31358704249999997 0.579374225 0.31068709875 0.57912554625 0.30230959875 0.57390320375 0.27395485999999997 0.56345855375 0.240766955 0.5584849075 0.2314227825 0.5567441399999999 0.226267385 0.55425731625 0.22336746500000002 0.54974509625 0.22509221875000002 0.54779156125 0.22916729125 0.545802115 0.23851146374999999 0.5425692375 0.2439890825 0.5418232012499999 0.24914448
2 0.6504973775 0.19984594125000002 0.64055008625 0.230778355 0.6383119225 0.24817784499999998 0.6393066749999999 0.25977749625 0.643782925 0.26622175 0.64676714375 0.270088305 0.65024868125 0.26879945 0.653978915 0.2649329075 0.6599472749999999 0.2533332425 0.667159085 0.231100575 0.6733761425 0.20242364 0.67387349875 0.188890705 0.67362480125 0.18502415625000002 0.6728787850000001 0.1808353875 0.6675787087499999 0.178801795 0.66467226125 0.17664662499999997 0.65920125875 0.18341309249999999 0.6534815575 0.193723895 0.6504973775 0.19984594125000002
2 0.7372454875 0.44364073249999997 0.7382402025 0.4642623375 0.73998097 0.48295067 0.7442085625 0.5022834325000001 0.74843619125 0.51001656625 0.75415585375 0.51452752375 0.7586321425 0.51517193875 0.7616163225 0.51356087625 0.7643518437500001 0.50808327 0.7660926125 0.49745024125 0.7631084325 0.47586200125 0.75614532 0.44041860499999996 0.749430905 0.42205247375 0.7481874937499999 0.41979698875 0.7437508325000001 0.41991452500000004 0.7389862562499999 0.41883034625 0.737991505 0.42237468749999996 0.7374941475 0.42978557625 0.7372454875 0.44364073249999997
2 0.7161074737500001 0.5548546012500001 0.7126259175 0.578376125 0.7118798825 0.591264645 0.7126259175 0.60544200875 0.715858795 0.61768607625 0.7183456175 0.62123041125 0.7220758525 0.62251926625 0.7250600325000001 0.62251926625 0.7300336787499999 0.61414174125 0.735007325 0.6041531525 0.73998097 0.5819204725 0.7412243825 0.56001001125 0.7442085625 0.5400328225 0.7432138475000001 0.531977505 0.7427164912499999 0.53036644125 0.73939814 0.52658376375 0.73276919875 0.5277887425 0.7240653 0.5348774125 0.7208324412499999 0.54261054625 0.7161074737500001 0.5548546012500001
2 0.43827557874999995 0.5441710937500001 0.4551859825 0.555770745 0.46985826125 0.5638260625 0.47955685625 0.56962590125 0.4830383925 0.5709147325 0.48502785875 0.570592525 0.48627127000000003 0.567692605 0.489752845 0.56479271125 0.49149361375 0.5631816475 0.489752845 0.55512633 0.4815463225 0.541271175 0.4748319075 0.5306381462499999 0.4656306325 0.52258284125 0.45493732375 0.5158163675 0.447476855 0.51388309625 0.4405137425 0.51420530375 0.4370321675 0.51646082 0.43160057625 0.51974083125 0.42907434125 0.52290507375 0.42783093 0.5280604475 0.42982039625 0.5364379837500001 0.43827557874999995 0.5441710937500001
2 0.28458992875 0.40239750375 0.2848386075 0.41077502875 0.2855846625 0.42881894125000003 0.28533598375 0.457495875 0.28732543 0.47199544625 0.29030962875 0.47779527250000003 0.29379116625 0.47972854374999996 0.29702404375 0.47715084500000005 0.3005056 0.47263987375 0.30547924625 0.4642623375 0.3082147475 0.457173655 0.30920948 0.44686285875000004 0.3104528925 0.4236635375 0.30796606875 0.4033641525 0.30473319125 0.39466440124999996 0.30274374375 0.39079784625 0.30025692125 0.3882201475 0.29652668625 0.38596465625 0.29262531375 0.38529733875 0.2900609325 0.38499801375 0.28782280625 0.38693129125 0.2855846625 0.3943421875 0.28458992875 0.40239750375
2 0.06863793375 0.5626382025000001 0.0746062925 0.5723045824999999 0.08977592875 0.5884152175 0.0969877 0.5967927550000001 0.10171266749999999 0.60452585125 0.1126546925 0.61644772375 0.11613624874999999 0.6183810075 0.11887175 0.61870324 0.12235330625 0.61612551625 0.12508880749999998 0.6135478175 0.12682957625 0.6096812625 0.12508880749999998 0.60065931 0.12036384 0.58551531 0.1141467825 0.57294901125 0.09748507625 0.55393846875 0.08654305125 0.5465275675 0.080077315 0.5474942162499999 0.07467976625 0.547515085 0.0701300225 0.55103855 0.06838923499999999 0.5536162499999999 0.0676432 0.55748280375 0.06863793375 0.5626382025000001
2 0.34547507625 0.6675088250000001 0.34249088625 0.68200839625 0.3407501175 0.6965079675 0.3407501175 0.7061743475 0.34398298625 0.71745179125 0.34821058625 0.72292941 0.35243817875 0.72454047375 0.3554223675 0.72421826625 0.35840655750000006 0.72099613875 0.36089338 0.7135852375 0.36536966 0.69586353875 0.37208408374999996 0.66718661125 0.376311685 0.6443095150000001 0.37581433750000004 0.6404429725 0.37481958499999996 0.6375430475 0.36973015750000005 0.6348631025 0.36512098125000003 0.63528755625 0.35716314625 0.64269845125 0.351443455 0.65139819125 0.34547507625 0.6675088250000001
2 0.37556564000000003 0.7989716124999999 0.37059199374999996 0.8086379925 0.37034330625 0.8157266624999999 0.37307881625 0.8205598525000001 0.37830115124999997 0.82281535625 0.38277742125 0.82378198 0.38775106625 0.82345977125 0.39720100125 0.8163711025000001 0.41485744124999996 0.800582675 0.42381 0.79220515 0.43301125625 0.77641671125 0.43400597124999996 0.7709391062500001 0.43191148375 0.7644762900000001 0.42778891375 0.7641726325 0.4146087625 0.7693280425000001 0.39222735625 0.78350539375 0.37556564000000003 0.7989716124999999
2 0.47180569125 0.71068533 0.48921345250000003 0.72872923625 0.499160745 0.736140125 0.50562648125 0.73742898125 0.50885935875 0.736140125 0.5106001275 0.7338846462499999 0.51109748375 0.72486268125 0.5106001275 0.71616294875 0.50711857125 0.70681877625 0.49244631125 0.68974150625 0.47006490375 0.6755641425000001 0.46335049 0.67395307875 0.45638737749999997 0.674275305 0.45056588124999997 0.6767257474999999 0.44917560625 0.680075125 0.44967296375 0.6845860949999999 0.45365187625 0.6916747762500001 0.47180569125 0.71068533
2 0.46533995625 0.81352169875 0.45514396625000003 0.8473540187499999 0.45390055500000004 0.85573154375 0.45390055500000004 0.8624980062500001 0.45489528749999997 0.86604234 0.456636075 0.8689422600000001 0.46111234500000003 0.8692644675 0.46832413625 0.86668678 0.4732977825 0.8624980062500001 0.478768785 0.8537982725000001 0.485980575 0.8399431175 0.4914515975 0.82318808 0.49393842 0.80772184875 0.49344104375000003 0.79837767625 0.4912029 0.79096681125 0.48694195625 0.7858101375 0.48299639499999997 0.7835558974999999 0.48050957250000004 0.78516696 0.4725517275 0.7938667049999999 0.46533995625 0.81352169875
2 0.6161792125000001 0.66718661125 0.597030665 0.6713753800000001 0.589570195 0.67781963375 0.5870833725 0.6816861887500001 0.58484522875 0.6868415862499999 0.5840991925 0.69070814125 0.58459655 0.6955413312500001 0.5918083399999999 0.70069673 0.6072266350000001 0.70069673 0.6363224562500001 0.6971523949999999 0.65198944875 0.68877487 0.6572117925000001 0.68233061625 0.65825151 0.67551817125 0.65596838125 0.6729864437499999 0.64353426625 0.67008653 0.6325922225 0.6678310512500001 0.6161792125000001 0.66718661125
2 0.711271615 0.93606349125 0.714255795 0.942507745 0.7174886725 0.94444101625 0.72221362125 0.94444101625 0.725943855 0.93960782625 0.7279333212500001 0.9318747537500001 0.72942541125 0.91447523875 0.7271872662500001 0.88450946125 0.7224623187500001 0.8674321912499999 0.719975495 0.861310145 0.71599656375 0.8574436025 0.7122663287500001 0.8538992562500001 0.7045765975 0.8542394600000001 0.7003295900000001 0.86034351 0.69983221375 0.86839882625 0.70182168 0.88869822375 0.711271615 0.93606349125