2 0.35215630375 0.1271051825 0.34275829375 0.15044753 0.34155341875 0.16359815125000002 0.3410714575 0.17346111749999998 0.3434812075 0.1797076675 0.34998754374999996 0.1806939625 0.3572167925 0.17773506749999998 0.37119333125 0.1560365475 0.38830255125 0.1162559275 0.39143527 0.10474912125 0.391676205 0.09916010874999999 0.39119426124999995 0.09587245250000001 0.38689197875 0.09331367500000001 0.38107330125 0.09291356125 0.3726391775 0.09488615624999999 0.364927985 0.10310529375 0.35215630375 0.1271051825
2 0.5058595112500001 0.49384069500000005 0.49718441625 0.51849811 0.49597954 0.538552815 0.49670247250000005 0.54381307125 0.5012809825 0.5444705925000001 0.5051365975000001 0.54677194125 0.51260681875 0.53986787 0.52899312375 0.51192279875 0.54537943125 0.47181340125 0.54610232625 0.46589562375 0.54610232625 0.4632655025 0.543854075 0.45843628375 0.53983699875 0.4570189525 0.5328487024999999 0.45800525875 0.5198360675 0.4662243975 0.5058595112500001 0.49384069500000005
2 0.5615247475 0.25906970125 0.55983793 0.27452168374999997 0.562970575 0.2899736925 0.56899495 0.297864045 0.57285056375 0.2998366575 0.57791105375 0.29457638875000003 0.5827305537499999 0.28471342374999997 0.5921285625 0.23605611375 0.5942973225 0.20942611 0.592851495 0.20022067124999998 0.5918875725 0.19594673499999998 0.588140885 0.19229517000000002 0.58321249625 0.19200154000000003 0.57550130375 0.20350832624999998 0.5685130075 0.22586438749999999 0.5615247475 0.25906970125
2 0.6919322137499999 0.36142080249999997 0.7015712125 0.39626994375 0.7075955875 0.40547538875 0.71723458625 0.41665341 0.72253602875 0.41928353125 0.72735552875 0.41632465 0.7283194325 0.40876304500000005 0.72422284625 0.3798316675 0.7124150874999999 0.33084561 0.7063907125 0.3183525225 0.7014187125 0.31509793625 0.694582935 0.32098264375 0.69120928125 0.3292017825 0.689763435 0.33774968125 0.6919322137499999 0.36142080249999997
2 0.6685576287499999 0.47648875250000006 0.69241415625 0.48931058875 0.70566778 0.49259824375 0.7100053375 0.49095441624999997 0.7114511837499999 0.48766676124999997 0.71386093375 0.48437910500000003 0.7145838474999999 0.48174899625 0.71265605875 0.475173685 0.6991614625 0.46202306375 0.6847029637500001 0.44821489625 0.66229228375 0.434735515 0.65434010125 0.4334204475 0.6475928125 0.43670810250000003 0.6444601312499999 0.43900947625000003 0.63995946625 0.44323995375 0.63964063125 0.447228615 0.6401225925 0.45248885875 0.64976159125 0.46432441249999995 0.6685576287499999 0.47648875250000006
2 0.8799790262499999 0.27892127125 0.8725088049999999 0.2805650925 0.8691351512500001 0.28385274875 0.87130393 0.29009928625000003 0.8751595262499999 0.29996225125 0.88190683375 0.30752385625 0.8954014287500001 0.31311287374999996 0.9207038025 0.31640052874999997 0.9296198687499999 0.31541423375 0.93684911875 0.31442794 0.9399818012500001 0.3140991675 0.94032647125 0.3064729925 0.9392588687500001 0.300291025 0.9301018487499999 0.29108558 0.8992570437499999 0.28122261375 0.8799790262499999 0.27892127125
2 0.8908229 0.6452352975 0.91516137 0.66792009875 0.92624623375 0.6725228087499999 0.9301018487499999 0.6728515825 0.93202961875 0.67055022 0.93275255125 0.665289965 0.9329935412499999 0.6567420900000001 0.93202961875 0.64819416625 0.92624623375 0.63405723875 0.9146794275000001 0.62123539 0.8973292362499999 0.60841352875 0.8896180250000001 0.6028245125 0.87829220875 0.5998656299999999 0.87274977625 0.5982218025 0.8691351512500001 0.5985505624999999 0.86744833375 0.5995368575 0.8662138500000001 0.6034174762500001 0.86359273875 0.607098475 0.86576151625 0.61498884 0.8761234299999999 0.628796995 0.8908229 0.6452352975
2 0.8156387125000001 0.75696945875 0.81346993375 0.7612433824999999 0.8120240875 0.7668324112499999 0.81587968375 0.7727501762500001 0.82720551875 0.7796542475 0.838290365 0.7763665925 0.87130393 0.75170919 0.87901514125 0.74053118125 0.8831117075 0.73428460625 0.8847985262500001 0.7303394299999999 0.88431658375 0.7263942412500001 0.88238877625 0.72343534625 0.878867225 0.7196488575 0.87467758375 0.7171888074999999 0.8607010275 0.72212029125 0.82985624 0.7431612775 0.8156387125000001 0.75696945875
2 0.6680711024999999 0.6702028025 0.685903255 0.69880540625 0.69650614 0.70801084 0.7056631962500001 0.70932593125 0.71048269625 0.70735331875 0.7128924462499999 0.70472318375 0.71337438875 0.7014355287499999 0.7128924462499999 0.6925588687500001 0.70132564 0.6665863875 0.6767461987500001 0.6333810725 0.66831207375 0.625819455 0.6663842662499999 0.62450440125 0.6642155062499999 0.62483316125 0.65891404625 0.62910711125 0.6555403925000001 0.6300934174999999 0.6543355175000001 0.63370983375 0.65987795 0.6517919375 0.6680711024999999 0.6702028025
2 0.32988269125 0.584158975 0.33060561374999997 0.58777541 0.3339792675 0.59040551875 0.34120851625 0.5953370087500001 0.360004555 0.60191231875 0.38868058125 0.60947392375 0.39928348375 0.61078899125 0.40241616625 0.60881639 0.40458492625 0.6071725625 0.40578980125 0.60454244125 0.40554882999999997 0.5989534237499999 0.40313908 0.59204935375 0.40048835875 0.58547403625 0.394463985 0.5782411975 0.38578888874999995 0.5739672425 0.36458308250000004 0.5673919374999999 0.35012458375 0.5657481099999999 0.338075835 0.5673919374999999 0.330846585 0.5696933049999999 0.32934925249999997 0.57302481875 0.32964171 0.57659737 0.32964171 0.57988502625 0.32988269125 0.584158975
2 0.43591167374999995 0.75254287875 0.44362288499999997 0.7841043775 0.45494870125 0.8163233975 0.46458770125 0.82980278 0.46916623 0.832761675 0.4737447575 0.8281589524999999 0.47639547875 0.8235562425 0.475431575 0.81369327625 0.46651550875 0.77358387875 0.45470773000000003 0.741364865 0.44844238500000005 0.73281694625 0.44675554875 0.73051559125 0.44262708000000006 0.7311487825 0.44000826000000004 0.73413201375 0.43783948125 0.73873473 0.43615266374999995 0.74333744625 0.43591167374999995 0.75254287875
2 0.2031605575 0.8486945325 0.21159468125 0.8437630487500001 0.22533024875 0.8263384775 0.241716555 0.79576328625 0.2458131225 0.7799825487500001 0.24484923625 0.772092165 0.24292142875 0.76716068125 0.24075265125 0.7628867325 0.236897055 0.76058537125 0.23352340125 0.7628867325 0.22870390125 0.7665031475 0.21858296 0.7809688300000001 0.19569033624999999 0.8220645287499999 0.18942499000000002 0.83883156625 0.19159375 0.8457356500000001 0.1959313075 0.85132465375 0.19930496125000002 0.8506671325 0.2031605575 0.8486945325
1 0.31047836624999997 0.43050233749999994 0.2966363925 0.43406946750000003 0.28325581 0.439315245 0.27525823 0.44728882625 0.27218223625 0.45631156124999994 0.27218223625 0.45966886375 0.27341262625 0.46407531375 0.27479682625 0.4680621075 0.27741142875 0.4699505825 0.27864181875 0.473307885 0.280948815 0.47414720375 0.28510141375 0.47372754875 0.30294217875 0.468271935 0.31832215 0.463865485 0.32508933874999996 0.46134751 0.33216412375 0.45568206875 0.33462492875000005 0.45190511125 0.33447111999999996 0.44875764500000004 0.334033825 0.44211233375 0.33570152125 0.43763659875 0.33447111999999996 0.43511862375 0.32339753250000003 0.4317613325 0.31047836624999997 0.43050233749999994
0 0.59118143375 0.46317201875 0.5778928375 0.45876906624999997 0.574096095 0.459028065 0.56707212875 0.47249592625 0.5678314799999999 0.48130184125 0.569919685 0.48648178999999997 0.58529648625 0.49217973375 0.5991546 0.49632368875 0.6128228649999999 0.49632368875 0.62288423625 0.49217973375 0.62329546875 0.48843634 0.6226943875 0.48259682875000004 0.62003668 0.47793487749999997 0.61035497625 0.47171893625000005 0.59118143375 0.46317201875
0 0.84068186375 0.41046993875 0.83695538375 0.41062399875 0.8336806 0.41124025375 0.8326642875 0.41216463 0.8334547562500001 0.41539995625000004 0.84677972625 0.44097443875000003 0.85682992 0.45653482250000005 0.8619114775 0.4634676575 0.8648474875 0.46392984 0.87805954375 0.454377925 0.88020509125 0.45191292875 0.88076970875 0.4485235275 0.8798663175 0.4443638225 0.87252629 0.42849532250000005 0.8656379574999999 0.41601621125 0.861008095 0.40908336749999996 0.8593835675 0.4071767175 0.85502314625 0.40677242125 0.85028036125 0.40785087 0.84869943125 0.4096996225 0.84068186375 0.41046993875
0 0.80565414625 0.56509266375 0.796479765 0.57630895375 0.78968834625 0.5842741475 0.78635220625 0.5889882375 0.78539903 0.59061378625 0.7864713612500001 0.5974411075 0.7877819850000001 0.60085474625 0.7900457937500001 0.6019926325 0.7900457937500001 0.60491862 0.79040323125 0.60816971875 0.7915947087499999 0.61012037875 0.79362022625 0.6128838262499999 0.79600318125 0.6120710512499999 0.79874357375 0.6088199525 0.80482010625 0.60703183875 0.8086328399999999 0.60556885375 0.8170923287499999 0.5964657675 0.8244794849999999 0.5845992525 0.8321049425 0.573057855 0.8353219274999999 0.5652552162500001 0.83603682125 0.560866235 0.8359176662500001 0.559240685 0.8346070525 0.55842791 0.8322240974999999 0.5574525862499999 0.83162835 0.55663981125 0.8303352700000001 0.55369713 0.82829221875 0.5516006025 0.8244794849999999 0.55095038875 0.81804551375 0.5542014875 0.80565414625 0.56509266375
1 0.36951056125000004 0.9045690999999999 0.37937799 0.9030082500000001 0.40640619125 0.8889606562500001 0.417703695 0.88018090625 0.42142185875000004 0.8756934725000001 0.42270891749999995 0.87237668375 0.4238529725 0.8700354149999999 0.42342394874999995 0.8684745725 0.41970578625 0.86398713875 0.41484356875000006 0.8583290825000001 0.41041037375 0.85559760125 0.4052621475 0.85520738875 0.3953947075 0.8569633412500001 0.3843832125 0.8628165087499999 0.37208466875 0.8708158337499999 0.36150219749999996 0.88037600875 0.3582130575 0.88857044375 0.35849906625000005 0.893838295 0.35935710125 0.90047187875 0.36178821624999996 0.9030082500000001 0.36493435124999996 0.9041788875000001 0.36951056125000004 0.9045690999999999