2 0.06605475125 0.409196525 0.0731472325 0.43780585625 0.082456105 0.456271875 0.09065678625000001 0.46381434 0.09841418625 0.46485468249999995 0.10284698625000001 0.46329417749999996 0.10506338625 0.46095340999999995 0.10661487624999999 0.4578324 0.1057283125 0.44534832 0.09841418625 0.42064026125 0.08711055 0.38838973875 0.0820128325 0.37642584 0.07824495125 0.37304474 0.07669346875 0.37200439625000004 0.07126957375 0.37273900249999997 0.06893607 0.37226447749999997 0.06694130625 0.37668592125000006 0.06516818875000001 0.38890990999999997 0.06605475125 0.409196525
2 0.26259874499999997 0.46810147375 0.2672531975 0.47018216 0.2716859975 0.46992205875000004 0.28165979750000003 0.46836155375 0.29030374375 0.46602078625 0.3144625225 0.4553573125 0.32221992125 0.44911528250000005 0.32709599500000003 0.4418329 0.33064224875000003 0.42596774875 0.32776092125 0.42050595125 0.32221992125 0.4194656275 0.3102513425 0.42102611250000005 0.29274179624999996 0.4288286575 0.26858305125000004 0.44625434374999995 0.26171219749999997 0.45483715125 0.26108163125 0.4614399675 0.25993907125 0.4662808875 0.26082565125 0.46732121125 0.26259874499999997 0.46810147375
2 0.4050368525 0.47716873249999997 0.413237525 0.48601161 0.432076925 0.5018767912500001 0.44670516 0.5096793362500001 0.45867374 0.51123984125 0.46332816 0.51071966875 0.46975574000000003 0.50447764 0.47241541249999996 0.49927594249999996 0.47285868625 0.4943343275 0.4679826125 0.4883523975 0.4518028875 0.47508805625 0.42055165250000004 0.45558169374999996 0.41102112625 0.45454135 0.40791816249999996 0.4550615225 0.404064145 0.45819084875 0.40193389 0.4639044 0.4034853625 0.46728551125 0.4061450525 0.47196703624999997 0.4050368525 0.47716873249999997
2 0.52827309125 0.36243987125 0.53492229 0.37180292625 0.55154529 0.38688784499999995 0.56484368875 0.39443030874999996 0.571271235 0.3957307325 0.576590615 0.39443030874999996 0.58412636125 0.38974878375000005 0.5870076875 0.3879281875 0.58612114125 0.3816861475 0.58390474125 0.37778487499999996 0.5737092887499999 0.3660810625 0.5539833425 0.34761503875000005 0.5400200175 0.33825199375 0.53691703625 0.33643138875 0.53492229 0.33513096375 0.5320833725 0.33537412625 0.5291596375000001 0.3374717325 0.527386545 0.34189317125 0.52716489125 0.3533369075 0.52827309125 0.36243987125
2 0.338316495 0.6178187275 0.337651585 0.62536119125 0.33875978500000004 0.6303028075 0.34119782125 0.632903655 0.34696045750000004 0.6334238175 0.35383129500000005 0.63160323125 0.36469165750000004 0.62198008125 0.37444382 0.5990926175 0.38109302 0.5663219325 0.38042809375 0.55487819625 0.37865498375 0.54993659125 0.37599529375 0.54785591375 0.37134085749999995 0.54681557125 0.36668641999999996 0.54785591375 0.35848574749999995 0.56007989375 0.34341422125 0.6022136375 0.338316495 0.6178187275
2 0.69361241625 0.57443852125 0.71045705125 0.60252768125 0.72309054125 0.6157920137499999 0.7323994137500001 0.619433195 0.7410433775 0.62047353875 0.7450329037500001 0.6183928625 0.74636274 0.61345126625 0.74614110375 0.60824957 0.7408217399999999 0.5957654800000001 0.72863154125 0.57443852125 0.71599805125 0.55623258375 0.707354105 0.54582919125 0.7042511425 0.54348842375 0.7009265425 0.54218799875 0.69695662 0.54266795875 0.6940557062499999 0.547389695 0.6916176525000001 0.55389181625 0.69073110625 0.56091410875 0.69361241625 0.57443852125
2 0.47194329500000004 0.29604512125 0.47658709625 0.295054335 0.4862968875 0.2913389 0.50297236375 0.28366033875 0.52365842 0.27177093875 0.53632334875 0.26161542125 0.53716768 0.25567073125 0.5342125275 0.24898294624999998 0.5314684525 0.246010615 0.52809114125 0.24724909374999998 0.51922569875 0.24749676625 0.50656077 0.24700138249999998 0.48777445625 0.25567073125 0.4738430375 0.2640923775 0.46476649875 0.2737525125 0.46138918875 0.28489881624999996 0.4626665 0.29123997875 0.46518867375 0.29406354875 0.4670884 0.29431125874999997 0.47194329500000004 0.29604512125
2 0.62403592375 0.15124703625 0.64577737375 0.1237528225 0.6537985025 0.11037725749999999 0.65717582875 0.10096482 0.6575979875 0.09477242875 0.65696473375 0.09229547249999999 0.65210983875 0.08981851499999999 0.64556631125 0.08808464875000001 0.636067615 0.090561605 0.6305794662499999 0.09353395 0.6067271787499999 0.12598208624999999 0.602505535 0.13861456125 0.602716615 0.15446708750000002 0.60569938125 0.16034908250000002 0.6103155837500001 0.16065947875 0.61770345875 0.15644865125000001 0.62403592375 0.15124703625
2 0.32281060500000003 0.7993911 0.32873792749999997 0.82051503875 0.3324699325 0.82953135375 0.3401534875 0.8323650475 0.34651986375 0.8305617825 0.34805656749999997 0.8264400625 0.34717844375 0.8215454687499999 0.34959328874999995 0.8096954587499999 0.35266669749999996 0.80248241 0.3463003375 0.76873562625 0.34059254125000005 0.7543095275 0.33356758375 0.7445203875 0.32851838375 0.7414290775000001 0.32478637875 0.7401410325000001 0.3225910775 0.7401410325000001 0.31870306125 0.7402480749999999 0.315346585 0.7447779925 0.314248935 0.7522486525 0.31776143 0.77131171625 0.32281060500000003 0.7993911
2 0.42181868375 0.86739986625 0.43345378625000003 0.8825987999999999 0.44530841625 0.8947064349999999 0.45343102375 0.90191947375 0.4611145775 0.90372274875 0.46770048125 0.9026923087500001 0.47187157375 0.89985861375 0.47450592875 0.895736855 0.47340827750000003 0.8887814199999999 0.46506612625000004 0.8738400912500001 0.44421076625 0.8493672474999999 0.43323426 0.8382900525 0.42598975875 0.8333954875 0.4226968075 0.83313787375 0.418745275 0.8349411375 0.412598425 0.8385476675 0.41172030125 0.8426694075000001 0.41479372625000005 0.8519433275 0.42181868375 0.86739986625
0 0.64655577125 0.72615458125 0.6509491725 0.73027895 0.6643690200000001 0.7395587874999999 0.6770699462499999 0.74340195125 0.6876939862499999 0.7465889674999999 0.69152823125 0.74705764625 0.6930459462499999 0.74668270125 0.69408438875 0.745464145 0.69448379 0.74377689625 0.69480331625 0.7406836174999999 0.69807839125 0.7352469425 0.70263155 0.72943533125 0.7033504775 0.72671699375 0.70590663625 0.72099911625 0.7061462787499999 0.7176246275 0.7050279512500001 0.7163123324999999 0.6966405475 0.7152812350000001 0.6776291037500001 0.7106881887500001 0.66444889875 0.70796985 0.6547035375 0.708344795 0.6519077362500001 0.7095633575 0.6501503725000001 0.71040697875 0.64865811625 0.7116851725 0.6460764925 0.7148125562500001 0.64447889125 0.72006175875 0.64383984875 0.7224051525 0.64655577125 0.72615458125