2 0.34800343375 0.2903621325 0.35446107750000005 0.30652116375 0.35833567 0.31237881625 0.36371703875 0.31540863375 0.37125095625 0.3178324825 0.37512553125 0.31722652875 0.37684757625000004 0.31520665000000003 0.3774933475 0.31278278625 0.37297298375 0.29379592 0.36931366 0.2808687075 0.36285601624999997 0.267133525 0.36048821750000004 0.26309376624999997 0.35790515 0.261679865 0.35313268000000003 0.26121630625000003 0.34929496 0.26369974375 0.345635635 0.26834544875 0.34455936125000003 0.27379913875 0.34800343375 0.2903621325
2 0.43647314000000004 0.15949448 0.43991722875 0.16535212125 0.45240199625000005 0.17484555375 0.4633800025 0.181107175 0.4679003325 0.1825210925 0.471774925 0.18373302375 0.4780173325 0.18474296375000002 0.48253766374999996 0.18555091 0.48533598125 0.18454097125000002 0.48748853 0.18009723625 0.48705802624999994 0.17444157624999998 0.47887833874999997 0.16616007124999999 0.46660882375 0.15747460125 0.44788166625000003 0.14515333125 0.44422230874999996 0.1435374275 0.43978770625 0.14413326375000002 0.43754941375 0.14656724875 0.43625788875 0.1485871275 0.43561213375 0.1522229075 0.43647314000000004 0.15949448
2 0.49406449125 0.30393963500000004 0.50181367625 0.31100921125 0.50870183875 0.31262512125 0.5130069337500001 0.31121119625 0.51537471625 0.3099992725 0.51451371125 0.30191975625 0.509562845 0.2908104225 0.49707806125 0.27404544375 0.48696109374999996 0.26596592874999997 0.48330175375 0.26394604875 0.48007293124999995 0.26273411 0.47684411 0.26273411 0.47261973500000004 0.26323498 0.46952546125 0.26636989 0.46866443875 0.2704096475 0.47447631125 0.28131699 0.49406449125 0.30393963500000004
2 0.55153752375 0.27404544375 0.5663900900000001 0.26919771625 0.58447151 0.2613201925 0.594157975 0.2528367 0.5952342487500001 0.2469790475 0.59394270625 0.23970748625 0.59135965625 0.238091585 0.58382573875 0.23788959250000002 0.5728477325 0.241727365 0.54314260125 0.25788639750000003 0.5379764674999999 0.2625321175 0.53668495875 0.2667738675 0.5379764674999999 0.27000568625 0.54142055625 0.270813625 0.54486461375 0.271217595 0.55153752375 0.27404544375
2 0.68385912375 0.236339715 0.6860116712500001 0.24441923124999998 0.690101515 0.2506808525 0.6916082925000001 0.25411466375 0.6931150850000001 0.25472061125 0.69634390625 0.25472061125 0.70043375 0.25330669375 0.70301680125 0.2478530275 0.7045235775 0.23452182125 0.7047388462499999 0.22058466124999998 0.70430832625 0.21149520625 0.70430832625 0.2076574325 0.7032320525 0.20402165249999998 0.7021557787499999 0.20139581125 0.7002184825000001 0.20018387875 0.698065935 0.1993759325 0.69440661 0.1987699625 0.6879489675000001 0.20321369749999998 0.6849353975 0.2088693575 0.682137095 0.218160805 0.68385912375 0.236339715
2 0.78739668 0.2361377225 0.77620342125 0.23957151875000002 0.7678084825 0.24502520874999997 0.7647949125 0.24866097375 0.7632881362499999 0.252296755 0.7635033875 0.2553265725 0.76544068375 0.2571444825 0.7695305275 0.25977030875 0.78868818875 0.25835639125 0.81451876 0.25492260375000003 0.8233442187500001 0.25108484625 0.82485099625 0.24906496625 0.82463576125 0.24724705749999998 0.8238147925 0.24430991875 0.8237747225 0.24098545125 0.8183933525 0.23734965500000002 0.80246451375 0.23512778374999999 0.78739668 0.2361377225
2 0.718084635 0.284008855 0.7086134212499999 0.28764464375 0.70516934875 0.29229035625 0.70344730375 0.29532017499999996 0.70387782375 0.29956193249999996 0.706676125 0.30360169 0.7120574949999999 0.30562157 0.72927787625 0.304813615 0.7529559 0.30158181125 0.76178135875 0.2985519925 0.7639339062499999 0.29633011375 0.7641491575 0.29471422 0.764609495 0.29073940125 0.7647949125 0.28744265875 0.75596947 0.28360488624999997 0.74047113375 0.28097903750000003 0.718084635 0.284008855
2 0.6145470875 0.1476631075 0.62165050125 0.14544123625 0.6300454325 0.13958359250000002 0.6440369925 0.12988816749999998 0.6530777025000001 0.12322256875000001 0.6573827975000001 0.11837486374999999 0.66061161875 0.11453709 0.6608268700000001 0.11170925999999999 0.6599658475 0.1086794425 0.65759804875 0.10625559375 0.6526471825 0.10463968375 0.64812683625 0.10423571499999999 0.63973189625 0.10847745375000001 0.62100473 0.12160666625 0.61002674 0.13372594 0.6063674075000001 0.14099750125 0.60830470375 0.14483527499999999 0.6108877625 0.14705713875 0.6145470875 0.1476631075
2 0.7814668437500001 0.418131255 0.7838346262500001 0.42479683875 0.78900076125 0.4284326275 0.792660085 0.42964455125 0.7958889062500001 0.42924058125000003 0.7967499125 0.41893919500000004 0.8027770525 0.39429667 0.80170077875 0.37813763875 0.79933299625 0.37167402375 0.79631941 0.36844222125000003 0.79072280625 0.3654124025 0.78667692375 0.36543030875 0.7827583525 0.36844222125000003 0.7801753024999999 0.37672372125000003 0.7795295312499999 0.398134435 0.7814668437500001 0.418131255
2 0.75542100375 0.3783396225 0.7489633612500001 0.3747038425 0.74056843875 0.37187600875 0.7280836549999999 0.36803824375 0.71839719125 0.36642234125 0.711078525 0.36743228125 0.7061276599999999 0.369654145 0.7048361337500001 0.37167402375 0.7033293575 0.3755117975 0.70698868125 0.38056149499999997 0.72184128 0.38641913875 0.742075215 0.39126685125 0.7530532212500001 0.39126685125 0.7582193225 0.39045889625 0.762456575 0.38738337875 0.76553797125 0.38399528250000003 0.7616634125 0.38197540375000005 0.75542100375 0.3783396225
2 0.67211741625 0.43873400625000003 0.6805123550000001 0.45085327999999997 0.68438693125 0.4552970075 0.68740050125 0.4552970075 0.69019882 0.45287315874999995 0.6923513674999999 0.44984334125 0.6936428925 0.4453996125 0.69278187 0.4357041875 0.68438693125 0.40257817 0.682449635 0.39894239 0.6809428587499999 0.39712449624999996 0.6792208137500001 0.39530660875 0.6758015500000001 0.39470106875 0.6727631700000001 0.39611455624999997 0.66759707 0.40217419249999997 0.6663055275 0.41550539875 0.67211741625 0.43873400625000003
2 0.5870700074999999 0.4520040025 0.6002005625 0.46533521624999996 0.6144073575 0.47381870125 0.62194127375 0.47644455 0.62796841375 0.47684852 0.63205824125 0.476646535 0.6374396099999999 0.47503062625 0.639161655 0.4734147325 0.6387311525 0.47018291375 0.6367938725 0.46695110999999995 0.6337802862499999 0.46291135250000004 0.61742094375 0.45281195750000003 0.60170733875 0.44210661625000003 0.5967564725 0.43948076 0.59417342125 0.438672805 0.5900835787500001 0.438672805 0.58753183375 0.4393642125 0.58491746 0.44210661625000003 0.58448694125 0.4441264875 0.58448694125 0.44614636625000004 0.5870700074999999 0.4520040025
2 0.546602105 0.46679223999999997 0.546602105 0.47931548375 0.5474631275 0.48901090875000003 0.54853940125 0.49406060625000003 0.551983475 0.49789837875000004 0.5547817924999999 0.49971625750000004 0.557580095 0.49830234875 0.55930214 0.496080485 0.56253096125 0.49082880250000005 0.5687733525 0.45891470875 0.56984962625 0.4471994125 0.5687733525 0.4417457375 0.5654644050000001 0.43961654625 0.56253096125 0.43871592 0.5573648437500001 0.44073579875 0.54983092625 0.45224911 0.546602105 0.46679223999999997
2 0.55219872625 0.374815385 0.55908688875 0.36067623249999997 0.56640555375 0.340275455 0.5670513075 0.33219593875000003 0.56597503375 0.32997407500000003 0.56403773875 0.327146245 0.56166993875 0.32613630625 0.55822586625 0.3265402875 0.5547817924999999 0.3277522075 0.55133772 0.33037804875 0.54466480875 0.339265515 0.5364851375 0.3570404525 0.53433259 0.36633189250000003 0.5356241150000001 0.37360346125 0.5351936125000001 0.37905713625 0.53626988625 0.380471045 0.5397139599999999 0.38067303750000003 0.54232051625 0.38006568875 0.54466480875 0.38107701499999996 0.547032625 0.3808750225 0.55219872625 0.374815385
2 0.43605175625000003 0.41064261375 0.44358567375 0.407612795 0.46231283125 0.39226171875 0.475443385 0.3787285275 0.47587388875000003 0.37105299 0.4739365925 0.36903311125000005 0.4685552225 0.36822515625 0.46209758 0.36883112250000005 0.45671621125 0.37044703125 0.45155009375 0.37448678874999997 0.43777380125 0.38660605875000004 0.4289483425 0.398321355 0.42485851500000005 0.40579490874999996 0.42507376625 0.408622735 0.42821576125 0.40958878374999996 0.43002461625000005 0.41084460624999997 0.43217716375000004 0.41145056875 0.43605175625000003 0.41064261375
2 0.39773640125 0.47954671625 0.4009652225 0.49449382375 0.40591608874999996 0.50095743 0.40979068124999996 0.50297730875 0.41280423499999996 0.5021693700000001 0.41560255375 0.50055346 0.41753985 0.49752364125 0.42055342 0.48601034624999995 0.42162969375000003 0.4672254575 0.41947714625000004 0.45450022250000005 0.41818560374999997 0.45046046375000004 0.4153873025 0.447834615 0.41153063250000005 0.4466819025 0.40742286624999996 0.44763263000000003 0.40333303875 0.45328829 0.40010421749999997 0.46136780625 0.39773640125 0.47954671625
2 0.15299497875 0.33413261499999997 0.14868988375 0.338778335 0.14825936374999998 0.34443399375 0.151272935 0.3492817075 0.16138991874999997 0.35089760875000003 0.17279841125 0.348069775 0.184852675 0.34241411499999996 0.19518491000000002 0.33675845625 0.20056627875 0.33029484125 0.20357984875 0.32625508375 0.2040103525 0.32342725 0.20465612375 0.32080140874999996 0.20314934625 0.31797358375 0.2009967825 0.314943765 0.19496965875 0.314337795 0.17258316 0.3228212875 0.15299497875 0.33413261499999997
2 0.06517754125 0.6618121612500001 0.06668432625000001 0.669285715 0.07292671875 0.6848388 0.0819674125 0.6961501025 0.09057760249999999 0.7016037774999999 0.09423693500000001 0.70079583125 0.09897254125 0.6977660125 0.09983356374999999 0.692716315 0.094452195 0.67595131375 0.08433521875 0.6525207212499999 0.080245375 0.6482789787500001 0.07594424375 0.6457735425 0.07314197 0.64565313 0.066469075 0.6529246987499999 0.06517754125 0.65696445625 0.06517754125 0.6618121612500001
2 0.18507445625 0.73392184125 0.18830327749999998 0.7371536437499999 0.19346937874999998 0.73755762875 0.19755922375 0.73493178 0.1999270225 0.7316999774999999 0.1999270225 0.7266502800000001 0.19949652 0.71533896125 0.19411515000000001 0.6904944437499999 0.18507445625 0.68079902625 0.1809846125 0.6789811324999999 0.17497855874999999 0.67958631875 0.172804925 0.6832228825 0.17215917 0.6915043837499999 0.17646426625 0.71372305125 0.18507445625 0.73392184125
2 0.21348807874999998 0.644441205 0.22295929250000002 0.6492889175000001 0.23608982999999997 0.6541366225 0.25051190875 0.6583783725000001 0.2619204175 0.65757041875 0.26687125125 0.6535306599999999 0.26859329625 0.65151078125 0.26880856375 0.6502988575 0.26687125125 0.64706704625 0.26407296625 0.64201734875 0.24965087 0.63615970875 0.22855591249999999 0.62949410125 0.21843894500000002 0.62767621125 0.21521012375 0.62787819625 0.2099635075 0.62987649125 0.206384665 0.63292789375 0.20573891125 0.6349477725 0.20616941375 0.63797759125 0.21348807874999998 0.644441205
2 0.35295820874999995 0.6259514724999999 0.38309387625 0.62635545 0.39471763625 0.62473954 0.39816170999999995 0.6213057525 0.399453235 0.61807394125 0.3990227325 0.6138321987500001 0.39622441375 0.6106003875 0.391488815 0.60656063 0.38287862500000003 0.60433876625 0.3492988675 0.60777256125 0.34327174374999997 0.60918647875 0.33961240375 0.609994425 0.33348728625 0.6134747724999999 0.33466155375 0.61847793375 0.33616833 0.620901775 0.3400429225 0.62332563125 0.35295820874999995 0.6259514724999999
2 0.47177883375 0.614640145 0.4851246225 0.62170972125 0.49803990875 0.6269614112499999 0.50815690875 0.6275673887500001 0.51612132875 0.62534551 0.5217179325 0.62110376 0.52193320125 0.61827593375 0.5171976025 0.61302424375 0.50987892 0.6071666 0.4971789025 0.6005009925 0.47888224749999997 0.59504732625 0.473070375 0.5938353937499999 0.46643009 0.59530671375 0.46166186625 0.59949105375 0.46058559250000003 0.6025208725 0.4631686425 0.6069646075 0.47177883375 0.614640145
2 0.594566625 0.6693662087500001 0.6214734712500001 0.67542584625 0.63804808125 0.677445725 0.644505725 0.6748198762500001 0.64687354 0.6715880725 0.64644302125 0.66734633 0.6432142000000001 0.6618926625 0.63632605375 0.6576509125 0.6247022925 0.6530051849999999 0.6051141125 0.65017735875 0.59714967625 0.6505813362499999 0.59026153 0.653813155 0.58510979875 0.6551099062500001 0.58466491 0.66047873875 0.5855259325 0.6635085562499999 0.58703270875 0.66613440625 0.594566625 0.6693662087500001
2 0.648165065 0.61907122 0.64708879125 0.6241209175 0.64687354 0.6283626675 0.64794981375 0.633614365 0.65074811625 0.6378560925 0.65247016125 0.6392700099999999 0.66021933 0.6364421837500001 0.67119731875 0.623514955 0.68174480625 0.60735592375 0.68518887875 0.6004883325 0.6862651525 0.59766050625 0.6866956725 0.594428695 0.68583465 0.59220683125 0.68199119375 0.590512365 0.67679394 0.59038894125 0.6679684975000001 0.593620745 0.6563447375 0.6061439987499999 0.648165065 0.61907122
2 0.72049068 0.63260442625 0.73448224 0.64128988875 0.744168705 0.6433097675 0.7508415825 0.6431077825 0.75579244875 0.6404819412499999 0.75729922625 0.63704814625 0.75729922625 0.634422305 0.7549314425 0.63018055375 0.7424466599999999 0.62088911375 0.7179075975000001 0.6061439987499999 0.71317199875 0.60412412 0.7080953475 0.6046430775 0.70585335 0.6083658625 0.706068585 0.6150314625 0.7075753937499999 0.6202831525 0.72049068 0.63260442625
2 0.72272963625 0.49188215 0.739304255 0.50985907625 0.74920597125 0.5177366 0.7554483625 0.5215743725 0.7580314300000001 0.5223823275 0.7614755025 0.5215743725 0.764273805 0.51894853125 0.76405855375 0.51450479625 0.75889243625 0.50359744625 0.7481296974999999 0.48925630875000004 0.73112457625 0.47350125499999995 0.7274652437500001 0.4718853575 0.7223584425 0.471158315 0.719500815 0.47329926624999996 0.7177787787500001 0.47673305875 0.7177787787500001 0.4821867325 0.72272963625 0.49188215
2 0.79699254 0.5480347837499999 0.77396027 0.5567202612500001 0.767717895 0.559548095 0.76621110125 0.56136598875 0.76535007875 0.56318388375 0.76535007875 0.56621370125 0.7675026262500001 0.56924352 0.7698704424999999 0.57126339875 0.781278935 0.5744952025 0.7957010137499999 0.57166736875 0.8135671499999999 0.5650017775 0.8187332675000001 0.560558035 0.82755871 0.5549023825 0.8290655025 0.55308448875 0.8266976875000001 0.5510646025 0.823899385 0.54864075375 0.82217734 0.545610935 0.8204553124999999 0.544802995 0.812921395 0.544802995 0.79699254 0.5480347837499999
2 0.8492994375 0.5510646025 0.85295877875 0.5551043674999999 0.8570486225 0.55752821625 0.8598469249999999 0.558538155 0.863506265 0.55631629125 0.8665198187500001 0.55126659375 0.87017916 0.545004965 0.87190118875 0.53551154 0.8740537362499999 0.5215743725 0.8736232325000001 0.5124849175 0.8723317075 0.506627265 0.86759609375 0.50076962125 0.8641520199999999 0.498345765 0.8604926962499999 0.498345765 0.856915935 0.49941973875 0.8546808075 0.50359744625 0.851882505 0.517534615 0.84951470625 0.545812935 0.8492994375 0.5510646025
2 0.9289437175 0.5023855225 0.9229165775 0.51511075875 0.9196877562500001 0.5242002137499999 0.919903025 0.52884593375 0.9220555725 0.53187575125 0.9239928512500001 0.53349166125 0.9270064050000001 0.53349166125 0.933033545 0.5314717825 0.9388454175 0.526826055 0.9483166475 0.511878955 0.9545590224999999 0.49006426374999995 0.954989525 0.4815807675 0.9545590224999999 0.47895493375000003 0.95133020125 0.479156915 0.9489624175 0.479156915 0.94530306 0.48077281624999996 0.93712340625 0.48865034749999997 0.9289437175 0.5023855225
2 0.70062183 0.73288990125 0.6840472187500001 0.7543006174999999 0.68146416875 0.7591483262500001 0.6821099062499999 0.7658139287500001 0.68318618 0.7724795274999999 0.6861997662500001 0.7744994062499999 0.6896438225 0.7744994062499999 0.69373368375 0.7732874825 0.69803877875 0.769247725 0.7193489875 0.74096941875 0.72322358 0.7359197175 0.72322358 0.73389983875 0.7236540825 0.73026405875 0.72257780875 0.72642628875 0.7210710324999999 0.72440641 0.71784221125 0.72359846125 0.7109540649999999 0.7258203249999999 0.70062183 0.73288990125
2 0.4950535275 0.77975109625 0.49548403 0.78520476375 0.49548403 0.78863855875 0.49699082375000003 0.7914663925000001 0.50194167375 0.7930822949999999 0.5064620200000001 0.7926783175 0.51141288625 0.7894465137500001 0.519162055 0.7771252475 0.5243281725 0.76157219 0.52497394375 0.7508668249999999 0.52411292125 0.74480718875 0.5226061275 0.7413734 0.52045358 0.7385455625 0.5164854775 0.73560449875 0.5129196625 0.7361217062500001 0.508184065 0.7407674299999999 0.49828234875 0.7652079625 0.4950535275 0.77975109625
2 0.48838063249999997 0.86297011125 0.49182470625 0.87145359625 0.49656030375 0.87670527875 0.50387897 0.87609932375 0.508184065 0.87064564125 0.50969084125 0.8627681262500001 0.5034484662500001 0.83731763875 0.497206075 0.824794395 0.49268572874999994 0.820552645 0.48838063249999997 0.81954270625 0.48446079374999995 0.81887476625 0.48106195874999996 0.8203506749999999 0.47847890875 0.8268142749999999 0.48041619625000004 0.83751963875 0.48838063249999997 0.86297011125
2 0.63776744375 0.8684237775 0.648960685 0.86559594375 0.66962515625 0.85408264 0.67802007875 0.8451951699999999 0.680387895 0.8399434875 0.68060313 0.8361057150000001 0.6790963524999999 0.83226794125 0.676943805 0.8302480624999999 0.6734997162499999 0.8296420999999999 0.66962515625 0.8302480624999999 0.6560640987499999 0.83691366875 0.6345386225 0.8512548062499999 0.62958775625 0.85630450375 0.62721994125 0.8601422775 0.6265742025000001 0.8643840199999999 0.62786571125 0.86741383875 0.63152503625 0.8684237775 0.63776744375 0.8684237775
2 0.41848457375000003 0.876187655 0.429677815 0.8866910275 0.43635072625 0.88992283 0.44194736375 0.8911347625 0.44797447125 0.88992283 0.45077278875 0.88830692875 0.45120329249999996 0.8860850650000001 0.4509880575 0.88345922375 0.44818973874999996 0.8773995875 0.4309693575 0.86043260125 0.42149816 0.85033320625 0.41611679125 0.8471014075 0.41439474625 0.84588947125 0.4101850575 0.84688385625 0.40750660125000004 0.8499292287500001 0.4072913325 0.8574027825 0.40965914875000004 0.8644723587500001 0.41848457375000003 0.876187655
2 0.31688433125 0.90648584 0.32635554375 0.92466475 0.33066063874999996 0.9258766824999999 0.334535215 0.9248667424999999 0.3366877625 0.9204230075 0.33711828250000003 0.9123434912499999 0.33604200874999995 0.90648584 0.33044537124999995 0.8776015725 0.3250640025 0.86952205625 0.3196826325 0.86730019625 0.31688433125 0.8646743474999999 0.3138418925 0.86454724625 0.31171821375000003 0.8660882612499999 0.31021143625 0.869724045 0.31171821375000003 0.87941946625 0.31688433125 0.90648584
2 0.20062833125 0.92830053 0.20364190125 0.9489032975 0.20730122625 0.9610225712499999 0.21677243875 0.9684961325 0.22172328875000002 0.9691020862499999 0.22430635625 0.9676881774999999 0.22602838375 0.9656682987499999 0.22731992625 0.963244435 0.2275351775 0.95314504 0.22366058500000002 0.9303204100000001 0.22000126125000002 0.91739318875 0.21677243875 0.91274746875 0.21440463999999998 0.9111315600000001 0.2096943925 0.911986065 0.20816224875 0.9101216200000001 0.2049334275 0.9119395299999999 0.20105883500000002 0.9222408937500001 0.20062833125 0.92830053
1 0.13406646625000002 0.43955193125 0.13366281125 0.45344061 0.1356811175 0.474526155 0.137833975 0.48424823875 0.14052505 0.4904350075 0.14254335625 0.49220266 0.14563809625 0.49245518625 0.14698363375 0.49220266 0.150212915 0.49308649125000004 0.15263488625000002 0.49258144625 0.15492229625 0.4891724 0.15801703625 0.4757887625 0.15788248375 0.46038495124999995 0.1554605125 0.446875055 0.15209666875 0.440183235 0.14738728874999998 0.4356378475 0.14442711 0.43323889375 0.14213969 0.4321025475 0.14066661625 0.43180634625000003 0.13823764 0.4315975025 0.1364884375 0.43311263250000004 0.13500834875 0.43576410875 0.13406646625000002 0.43955193125
1 0.4582123775 0.55199654625 0.45984161999999995 0.55612437125 0.4692912125 0.57018957125 0.47922959624999995 0.5793625262500001 0.48933088875 0.5822672987499999 0.49552201125000006 0.581197125 0.498128795 0.57905676625 0.49878049500000005 0.576151995 0.4976400175 0.57187128375 0.49552201125000006 0.56682615375 0.48933088875 0.55841761125 0.476948655 0.54511683 0.47092045374999997 0.53991882 0.46815074875 0.5377784612500001 0.46619566375 0.53640252125 0.46293718125 0.5359438750000001 0.4596786975 0.5377784612500001 0.45853822125 0.542670705 0.4583753 0.54771582875 0.4582123775 0.55199654625
1 0.5346238075 0.5194325525 0.53120239125 0.52218444375 0.52924730625 0.52508920625 0.5279439075 0.52753533125 0.5261517450000001 0.529675685 0.52778098625 0.53456792875 0.52973608375 0.53869576 0.53315748875 0.54175341125 0.53967445375 0.53884864 0.55759611125 0.53074586375 0.5717705075 0.5232546175 0.57861331625 0.5191267924999999 0.5810571787500001 0.51469319125 0.5810571787500001 0.51194130625 0.5810571787500001 0.51010671375 0.579743635 0.50719081375 0.5688378675 0.50750770875 0.5592253525 0.50811924125 0.5434217025 0.515457605 0.5346238075 0.5194325525