2 0.2286263275 0.347448175 0.2419019925 0.35665196875 0.2627637525 0.36762573000000004 0.28324621375 0.37789151 0.31017684375000004 0.3810774325 0.33824542874999997 0.37682953625000004 0.34583152375 0.37470557499999996 0.348486645 0.37081165875000005 0.348865915 0.36656375500000005 0.34621079375 0.36089989125000005 0.33559024875 0.3531120525 0.315866415 0.3439082525 0.295004655 0.33435047249999994 0.27110847374999997 0.3283325875 0.24986738625000002 0.32550065250000004 0.244177815 0.32620864 0.238488245 0.32797860125 0.23151073 0.3322003 0.22635050499999998 0.33470445249999997 0.2240746825 0.33895236250000005 0.22445398125000002 0.34213829124999995 0.2286263275 0.347448175
2 0.15883425125 0.537896 0.16755827125 0.535418065 0.1804546375 0.5269222450000001 0.20586804375 0.5053287224999999 0.23014355250000001 0.47665534125000003 0.2346951975 0.4649736 0.235074525 0.45930973 0.2343158975 0.4543538325 0.23166077625 0.45081391000000004 0.22104023250000002 0.44727398749999997 0.21231624125 0.44585802625 0.20093709875 0.44939794874999994 0.18462698374999997 0.46284965125 0.15883425125 0.48869111125000003 0.139869015 0.51878043875 0.13569666875 0.5315241549999999 0.13835181875 0.532586115 0.14520398125 0.53208653 0.15011026 0.5364800525 0.15314468 0.537896 0.15883425125 0.537896
2 0.4433128275 0.44727398749999997 0.44558862125 0.4649736 0.45355404374999997 0.47807134375 0.46379526 0.48090325125 0.47176068250000003 0.47984130375 0.475933 0.4685135225 0.48958799249999996 0.43948615500000004 0.49034659124999996 0.4136447225 0.48731214125 0.38320139374999995 0.4804847025 0.37151965875000004 0.47479513124999995 0.365501775 0.46948483 0.3619618525 0.46303666125 0.35948391 0.45723607 0.35917609624999997 0.45014032375 0.36337782625000004 0.44634727625 0.37293561375 0.44558862125 0.40479491625 0.4433128275 0.44727398749999997
2 0.27603941875 0.52776654625 0.2912116075 0.55360797875 0.30259075 0.5695376437499999 0.31396989125 0.58015741125 0.32231461250000004 0.58688327 0.32876278124999997 0.58688327 0.33521098000000005 0.58617526875 0.33938329625 0.58298933375 0.34165914875 0.57944941 0.336728175 0.55962585 0.32269391124999997 0.5380323275 0.30865961875 0.51608483125 0.297659805 0.49944716624999996 0.29234953375 0.49272132125 0.2896943825 0.49095135999999995 0.2866599625 0.48918139875 0.28400481125 0.48811941124999997 0.27798359375 0.49095949625 0.274142895 0.4944912825 0.27148777375 0.49980116625 0.2703498475 0.5082969725 0.27603941875 0.52776654625
2 0.3940032125 0.51891674 0.409934 0.52670459875 0.42965783375 0.52847456125 0.46948483 0.526350585 0.48579494500000003 0.52104070125 0.49679476 0.51360685625 0.50324298625 0.5054650375 0.50324298625 0.50015515375 0.49793268500000004 0.49519925625 0.488829395 0.49095135999999995 0.45507123875 0.48882739875 0.41258912125 0.4898893725 0.40348583125 0.4941372825 0.39665833375 0.49732321749999997 0.38894941250000004 0.50245737625 0.38717571624999997 0.5054650375 0.3867963875 0.50935894625 0.38793431375 0.5146688300000001 0.3940032125 0.51891674
2 0.62356584625 0.40468133875 0.653530925 0.41600908 0.6751513124999999 0.42415090624999996 0.7047370637500001 0.43087675124999997 0.7237023 0.43123075125 0.7343228437499999 0.42733682875 0.74304683625 0.41317713875 0.7407710125 0.40574330000000003 0.7237023 0.39441555125 0.7066335875 0.38521176500000004 0.66528936625 0.371406055 0.64291041 0.3692821 0.632669165 0.37034407375 0.6258416975 0.37317601625 0.62204865 0.37459199750000005 0.6170458175 0.37774959625 0.6129453312500001 0.38450377125 0.611807405 0.38910566750000003 0.6156004525000001 0.395477525 0.62356584625 0.40468133875
2 0.74152964 0.50379916375 0.75139155625 0.52114477625 0.7707360925000001 0.5469862225 0.78590828125 0.5614998987500001 0.80070117125 0.56503982125 0.814735435 0.5614998987500001 0.8230801275 0.5558360287499999 0.82459738125 0.5455702474999999 0.814735435 0.52503869875 0.7946323024999999 0.50132121625 0.7733912137500001 0.47831171875 0.760874175 0.4691079125 0.75063293 0.46556799 0.73811589125 0.46875392499999996 0.7305297975 0.472647835 0.7290125725 0.47477179625 0.73242632 0.48432959 0.74152964 0.50379916375
2 0.6847127450000001 0.70556365625 0.67143708 0.7179533849999999 0.66726473375 0.7285731525 0.666885435 0.7363609987499999 0.67219570625 0.74237885625 0.68054039875 0.7473347525 0.69457469125 0.7473347525 0.7142985262499999 0.736714985 0.726815565 0.72786517875 0.7529876262499999 0.70131576 0.765125365 0.685032135 0.7696770112500001 0.67335036625 0.7647460375 0.6691024837499999 0.75599019875 0.6665232862499999 0.74995317625 0.6648545462500001 0.7381947062499999 0.66591652 0.7131605999999999 0.67972225125 0.6847127450000001 0.70556365625
2 0.63957550625 0.85552430375 0.63161008375 0.8664980575 0.6335066075 0.88313572375 0.64260992625 0.89021556875 0.65398906875 0.89021556875 0.68585067125 0.88348968375 0.73288446375 0.86543608375 0.74426360625 0.8569402650000001 0.74995317625 0.8484444587500001 0.7507117737500001 0.8420726000000001 0.7507117737500001 0.8353467425 0.7480566525000001 0.8314528325 0.7412291562500001 0.8272049237500001 0.72529836875 0.82508096125 0.69836773875 0.8314528325 0.66005793875 0.8463204974999999 0.63957550625 0.85552430375
2 0.186552205 0.7128682537500001 0.19691082999999998 0.7233642362499999 0.21526040875 0.73634611375 0.23479381124999998 0.74684209625 0.25225549875 0.7504328262500001 0.2575827775 0.7504328262500001 0.2697171625 0.7460134675000001 0.27415657374999997 0.7410416875 0.27534042124999997 0.73524126875 0.27238081375 0.7275073875 0.25696689875 0.71265665375 0.22857864125 0.68994281125 0.20401389250000002 0.6739226362499999 0.1948391025 0.669779485 0.18921585624999998 0.668674635 0.183888565 0.668674635 0.17657109250000003 0.6705138650000001 0.168498605 0.6766847375 0.16701880125 0.68138030125 0.1723460925 0.690771445 0.186552205 0.7128682537500001
0 0.54803354375 0.58897713625 0.54749258375 0.60008421125 0.55236128875 0.6359297675 0.55759064875 0.6522538025 0.56083646125 0.6556195825000001 0.5705738725 0.65713418625 0.576163885 0.66016339375 0.5806719512499999 0.6603316800000001 0.58788485625 0.65848050375 0.59203226875 0.6581439175 0.59942549375 0.65848050375 0.60249098625 0.6573024725000001 0.60267130625 0.65073919875 0.60158937375 0.6387906825 0.59275356125 0.59217463 0.58932742875 0.579552955 0.5853603362500001 0.5723165250000001 0.58193420375 0.5681093 0.5797703375 0.565921545 0.5767264075 0.5656600975 0.57237709875 0.565753255 0.55831194125 0.57298968375 0.5501974225 0.5824138649999999 0.54803354375 0.58897713625