2 0.23357870375 0.42253210125 0.22091545499999998 0.43591762125 0.21106624624999998 0.45198027875 0.20614166874999998 0.46001155625 0.2043828825 0.46651309750000003 0.20614166874999998 0.47377952874999996 0.20790045375 0.47875132 0.211418025 0.4814283975 0.22126720625000001 0.47989861875 0.24307616124999998 0.46345358249999996 0.259960485 0.44471381875 0.2722719825 0.42291455375 0.273327265 0.41411834249999996 0.26840266 0.4079992525 0.26439114625 0.4038103025 0.26031223625 0.4049397075 0.25081480625 0.41067636 0.2427243825 0.41488323250000003 0.23357870375 0.42253210125
2 0.31448283125 0.49022462375000003 0.30885472375 0.51125899875 0.30709593875 0.52923383 0.30920647625000003 0.53688269875 0.31342757625 0.544914005 0.318352155 0.54988578125 0.32151797375 0.5506506575 0.32820136375 0.54797356375 0.3380505725 0.53114604625 0.345437465 0.5078170025 0.34825150625 0.4890772675 0.34860328500000004 0.47760396374999997 0.34895503625 0.47110245125 0.34719625125 0.4653658 0.34332692875 0.46115889875 0.33739336125 0.45779819250000003 0.33347772 0.45465735625000003 0.32890486625000004 0.45733446375 0.32046271875000004 0.47148486 0.31448283125 0.49022462375000003
2 0.3162416175 0.33762966 0.318352155 0.34527852875 0.32820136375 0.35866404875 0.3493067875 0.38046332125 0.35493489625 0.3869648625 0.367598145 0.391171735 0.37604032 0.391171735 0.38131667625 0.3869648625 0.38237195874999996 0.37931599374999997 0.37322628 0.36516558375 0.36900517875 0.35636938749999997 0.35001029125000005 0.33762966 0.3380505725 0.3273036975 0.33347772 0.32347926375 0.32683882500000005 0.32402289125000006 0.32186972500000005 0.32462658375 0.318352155 0.3284510175 0.31659336875 0.3322754525 0.3162416175 0.33762966
2 0.21001099125 0.58895494625 0.22197073625000002 0.609989335 0.230412885 0.61993286 0.237799805 0.62337485625 0.243779665 0.62299241875 0.24905602125 0.6164908625000001 0.2476489875 0.6038702462500001 0.23604102000000002 0.57212742875 0.22232248875 0.5442090887500001 0.21669438124999998 0.5377075175 0.21106624624999998 0.53388308375 0.2045821025 0.5361522974999999 0.19910652625 0.53694262875 0.1959407075 0.54229687125 0.19910652625 0.5587419075 0.21001099125 0.58895494625
2 0.436894305 0.2805856425 0.42563808999999997 0.28326275 0.41754766625 0.28746962875000004 0.4112160275 0.29320628125 0.41016074625000004 0.299707815 0.41438187374999996 0.30659180124999996 0.42528631125 0.31079868125 0.44639173499999996 0.31347578875 0.46820066375 0.31118111875 0.48508501375 0.30582692625 0.492120155 0.3016200325 0.495989505 0.29664827 0.49739651125 0.29320628125 0.49739651125 0.28746962875000004 0.48684379875 0.2821154225 0.47136651 0.279055885 0.46011029375 0.27982076 0.436894305 0.2805856425
2 0.467145435 0.40194009375 0.45237159499999996 0.39888054875 0.44006009749999997 0.39696833125 0.43091444500000003 0.39773322125 0.42106523625000003 0.39964543874999997 0.4154371025 0.4034698725 0.4094572425 0.411118735 0.40875373875 0.41226606875 0.40840196125 0.41685538625 0.41930645125 0.421827155 0.42810037875 0.42526916 0.44639173499999996 0.43024091374999995 0.46468309249999995 0.43521267625 0.47488408 0.43712489374999997 0.48684379875 0.43444778624999997 0.4931754375 0.43024091374999995 0.49439210125000005 0.42483213625 0.492120155 0.41647294875 0.48262272500000003 0.41035385124999996 0.475235805 0.40499964499999996 0.467145435 0.40194009375
2 0.361618285 0.51399602125 0.3619700375 0.53044110125 0.36372882250000005 0.54038465375 0.36724639375 0.54765105625 0.37076396375000004 0.55109303875 0.37498503875 0.5518579425 0.37920616625000003 0.55109303875 0.38377896499999997 0.5449739487499999 0.3865930325 0.53694262875 0.39468345624999995 0.50214030875 0.391165885 0.46848525875 0.38588952875 0.46045393875 0.38342723999999995 0.45662950375 0.38096495124999996 0.45471728624999996 0.37521378624999996 0.45302050250000003 0.36935693 0.45854172125 0.3644323525 0.47575167625 0.36267356749999996 0.49449141124999996 0.361618285 0.51399602125
2 0.44392944624999997 0.5579770325 0.48227094625 0.556064815 0.492120155 0.55300525625 0.4991552975 0.54841593125 0.50161758625 0.54229687125 0.49563772624999997 0.53197086625 0.48930608875 0.52661666625 0.48121571875 0.5220273424999999 0.4551856625 0.5220273424999999 0.43724608375 0.5224097799999999 0.425989815 0.52585177625 0.4168441625 0.53005864875 0.40863648750000003 0.5361522974999999 0.4094572425 0.5415319525000001 0.41438187374999996 0.55109303875 0.42352752625 0.554535035 0.44392944624999997 0.5579770325
2 0.5187942824999999 0.54879838375 0.518442505 0.56906789875 0.5212565725 0.58589538625 0.52407063875 0.59316181875 0.528643465 0.59583894 0.53391982125 0.5962213775 0.5391961775 0.59316181875 0.54763837875 0.5851305112499999 0.5525629575 0.57442208375 0.5560805275 0.541149515 0.55396996375 0.5197326725 0.55185945375 0.50711204125 0.5508041712499999 0.50214030875 0.5483418824999999 0.49869828374999997 0.54056820125 0.49888632 0.5349751025 0.499845625 0.52758821 0.50711204125 0.52160832375 0.5250869162499999 0.5187942824999999 0.54879838375
2 0.59195973875 0.441331765 0.60427123625 0.442096655 0.61271343875 0.442096655 0.61834152 0.43674245624999997 0.61834152 0.4279462525 0.6098993712499999 0.41800272125 0.58949745 0.4069118625 0.5592463200000001 0.39849811875 0.5497488899999999 0.40079276625 0.53849267375 0.40002787625 0.5342715725 0.40002787625 0.53001366375 0.4038103025 0.53180928375 0.41494316875000004 0.5395479562500001 0.4229744825 0.55854281625 0.43291802124999995 0.59195973875 0.441331765
2 0.59090445625 0.592014505 0.59195973875 0.60616490125 0.59547731 0.6164908625000001 0.6000501625 0.61993286 0.6056782975 0.62222751375 0.6123616599999999 0.61687333 0.6186932975 0.58895494625 0.6218590900000001 0.541914405 0.61974858 0.53158842875 0.6172862375 0.52661666625 0.6123616599999999 0.5243219975 0.6063818 0.52317469875 0.59793959875 0.52585177625 0.59371852375 0.5407670625000001 0.5923115175 0.5633312462500001 0.59090445625 0.592014505
2 0.683005395 0.4386546725 0.680191355 0.45662950375 0.67983957625 0.46963258625000004 0.6812466100000001 0.48110589 0.6851159325 0.4853127625 0.6921510737500001 0.4845478875 0.6977792087500001 0.4807234525 0.70551788 0.47192724124999996 0.7118494649999999 0.45854172125 0.7178293775 0.4237393725 0.71853288125 0.4072943 0.71853288125 0.40155765625 0.71677409625 0.39811565875 0.71501531125 0.39543855875 0.709738955 0.39543855875 0.7016485312499999 0.39811565875 0.69390985875 0.4034698725 0.6865229662500001 0.41838516625 0.683005395 0.4386546725
2 0.81104500375 0.4092065175 0.8289845825000001 0.421827155 0.85079351 0.43597756625 0.86345678625 0.44056689 0.87682356625 0.43712489374999997 0.88174814375 0.42909358625000005 0.8771752912499999 0.41876760375000005 0.8641602899999999 0.40538208249999996 0.83566799875 0.3862599175 0.82089415875 0.37861104124999995 0.8135072925 0.37822860375 0.8099897212499999 0.37861104124999995 0.8031123125 0.38326623875000004 0.79943700875 0.38817213500000003 0.798733505 0.39199656875 0.8018992975 0.40002787625 0.81104500375 0.4092065175
2 0.795215935 0.50290517 0.79205008875 0.50864182125 0.79134658625 0.5151433625 0.7931053712499999 0.5220273424999999 0.79697472 0.5239395600000001 0.80365808375 0.5235571075 0.81315551375 0.5189677975 0.833557435 0.5009929525 0.8476277175 0.47957611125 0.8539593562500001 0.464660825 0.85818043 0.45624706625 0.85818043 0.45165774124999997 0.85192704625 0.44824281374999997 0.84516542875 0.44630354250000004 0.8289845825000001 0.45586462875 0.8068238750000001 0.4853127625 0.795215935 0.50290517
2 0.7231057337500001 0.55300525625 0.74034180875 0.57480455 0.75476387125 0.58780760375 0.7639095225 0.5954564725 0.7698893825 0.5988984700000001 0.77586929625 0.598133595 0.78009037 0.59430916 0.77938686625 0.5843656362499999 0.7698893825 0.5629487799999999 0.75933667 0.54573883875 0.74139709125 0.52623421375 0.734713675 0.5224097799999999 0.7311961037499999 0.5208800149999999 0.72483282875 0.52086369125 0.71712582125 0.525469325 0.7143118075 0.5308235675 0.7146635324999999 0.53694262875 0.7231057337500001 0.55300525625
2 0.8721913075000001 0.6442066125 0.8918896725000001 0.6656234537500001 0.9087740225000001 0.6805387399999999 0.91862323125 0.68742271875 0.925306595 0.68742271875 0.9284724400000001 0.68130365875 0.93058295 0.67097765375 0.9288241650000001 0.6614165675 0.9224925275 0.6472661574999999 0.9027941625 0.62661421875 0.8918896725000001 0.6193477875 0.883095745 0.61552335375 0.8781711675 0.61246380875 0.87083725875 0.61163978875 0.86832195875 0.61628824375 0.8655078912499999 0.6208775675 0.863397355 0.6277615462499999 0.8721913075000001 0.6442066125
2 0.74274466625 0.663328785 0.7487245525 0.67977385 0.7571667275 0.6966013974999999 0.7638500912499999 0.7111342162500001 0.76947822625 0.7176357862499999 0.775458085 0.72146022125 0.78108619375 0.7191655375 0.78565904625 0.7099869175000001 0.7863625487500001 0.7008082400000001 0.78390026 0.68857006125 0.7779203737500001 0.66868299875 0.7715887625000001 0.6491783737500001 0.7670159099999999 0.6426768475 0.7603325200000001 0.6350279787499999 0.75435266125 0.6292913262500001 0.7494600812500001 0.6278839325 0.743096445 0.6342630887499999 0.7402823775 0.6407646300000001 0.7402823775 0.6507081537499999 0.74274466625 0.663328785
2 0.75712868375 0.79494928125 0.749038315 0.7980088125 0.7335609712500001 0.79992102875 0.72617410375 0.8022157125 0.7173801774999999 0.80527524375 0.7092897537499999 0.8098645824999999 0.70471690125 0.8159836712499999 0.70295811625 0.8213378849999999 0.70295811625 0.825927195 0.7068274649999999 0.8316638475000001 0.7121038212499999 0.83472340625 0.722304755 0.83510584375 0.7423548974999999 0.8293691925000001 0.77928939125 0.81636610875 0.78315874 0.811011895 0.78562102875 0.8075698975000001 0.78684073375 0.79940297875 0.78315874 0.79686149875 0.7743648125 0.7960965950000001 0.76275681875 0.79494928125 0.75712868375 0.79494928125
2 0.6357725200000001 0.7352880949999999 0.630847915 0.75096827 0.6280338475 0.7597644812500001 0.6262750625 0.7677958175 0.6262750625 0.771237785 0.62944088125 0.7746797675 0.6350689899999999 0.776591985 0.64280766125 0.7746797675 0.6505463324999999 0.7693255675 0.66285783 0.7521156125 0.6748175500000001 0.7287865524999999 0.6811491875 0.7108117075 0.68220447 0.7039277287500001 0.682556195 0.6981910775 0.682556195 0.6947490949999999 0.68185269125 0.6928368775 0.6755783212500001 0.6895161249999999 0.670596475 0.68901244375 0.6568779175 0.6947490949999999 0.6470287349999999 0.7108117075 0.6357725200000001 0.7352880949999999
2 0.54114986 0.7467614275 0.530858495 0.7598324137500001 0.523210255 0.776591985 0.52848661125 0.7811813375 0.53341118875 0.78385841625 0.54255689375 0.7823286362499999 0.56682811125 0.76626600875 0.5893405687500001 0.747908725 0.59883802625 0.7364354224999999 0.6005968125 0.7299338799999999 0.6009485637499999 0.7253445712500001 0.59707924125 0.7192254674999999 0.5872300324999999 0.7161659225 0.57738082375 0.71731325 0.5566271775 0.7318460975000001 0.54114986 0.7467614275
2 0.48205466125 0.6392948024999999 0.47044669375 0.6572696324999999 0.47115019750000003 0.6740971425 0.47290898249999996 0.6790689050000001 0.47783358625 0.6802162325000001 0.4873310175 0.67524447 0.50386361625 0.6607116225 0.5277830812500001 0.63126347375 0.5309489 0.62476193875 0.532707685 0.62055506 0.53177275375 0.61355086375 0.52496904 0.61175885625 0.5098434749999999 0.6174955074999999 0.49260737374999997 0.62782149875 0.48205466125 0.6392948024999999
2 0.40572337249999996 0.7364354224999999 0.4141655475 0.73911252875 0.42682881 0.74025985625 0.4500447725 0.7433194012500001 0.45919045124999996 0.7425545262500001 0.4718537 0.7352880949999999 0.47783358625 0.72381479125 0.470798445 0.715783485 0.46200451875 0.7104292700000001 0.4373815225 0.70698727375 0.40853744 0.70583994625 0.39833648 0.70851705375 0.39341187499999997 0.71119416 0.39059782125 0.7131063774999999 0.38752741375 0.7191377987500001 0.38567323000000003 0.72304990125 0.38637673375 0.72802166375 0.39446715625 0.7326109875 0.40572337249999996 0.7364354224999999
2 0.49612494375 0.83357606375 0.4880345475 0.8450493675 0.48275819124999997 0.8534631125 0.47818533875 0.86225932375 0.47607480125 0.8699081925000001 0.48029587625 0.87526240625 0.48486872875000003 0.87793949875 0.49190387 0.87985171625 0.49823548125 0.87679218625 0.5119540125 0.8653188825 0.5288383625 0.8458142424999999 0.53974282625 0.8301340675 0.545370935 0.82172032375 0.54572268625 0.8152187675 0.54431568 0.8106294574999999 0.5432603975 0.80871724 0.5388091125 0.80513620625 0.5348182225 0.8037454637499999 0.52848661125 0.8037454637499999 0.51476808 0.812541675 0.49612494375 0.83357606375
2 0.42684757875 0.8490839800000001 0.42908201625 0.8490839800000001 0.43476968875 0.8495256925 0.44411370875 0.8475380250000001 0.46991134125 0.8338452187500001 0.4855524175 0.82037327625 0.49266200125 0.8115392137499999 0.49591210875 0.8020425987500001 0.49611523625 0.79387108875 0.49298003625 0.78844044625 0.48490046124999997 0.7858567949999999 0.47919723 0.78714862 0.47220547875 0.789977505 0.45883869875 0.79915615375 0.43351219999999996 0.8186607637500001 0.4226077225 0.8301340675 0.42120068875 0.8358707187500001 0.42358874874999997 0.84192441375 0.423800615 0.845992055 0.42562879625 0.8473171775 0.42684757875 0.8490839800000001
2 0.13313129 0.7954686525 0.14704342625 0.7971187562500001 0.15589660375 0.796843725 0.17587948375 0.7935435599999999 0.19130930375 0.7888683224999999 0.2011742775 0.78446807375 0.20623323500000001 0.778967785 0.21103925 0.76989232125 0.21280987750000002 0.7627419500000001 0.21028039875 0.75834170125 0.20775091875 0.75531654625 0.2034508125 0.75531654625 0.19459763500000002 0.75614159875 0.18422677375 0.75779168125 0.16399093874999998 0.7616418875 0.14324920625 0.76741718625 0.13287833625 0.77181741375 0.12933707125 0.7751176 0.12604874 0.7795178275000001 0.1252898975 0.7828179925000001 0.1265590775 0.78682763125 0.1242781125 0.7927185075 0.12680759125 0.79381857 0.13313129 0.7954686525
2 0.20471555125 0.7184646175 0.21129219375000002 0.72011472 0.2198924275 0.717089545 0.24063415 0.7041638637500001 0.26567599875 0.6799625937499999 0.27351738125 0.6686869950000001 0.27452917625 0.65906149 0.2717467525 0.6549362725000001 0.260869985 0.65081105625 0.25277565875 0.6505360400000001 0.23557519124999998 0.66153661875 0.21280987750000002 0.6816126762499999 0.2067391425 0.68903806875 0.20420966375 0.6948133675 0.200415445 0.70003864625 0.19739674499999998 0.70471611125 0.19611531875000002 0.7071890175 0.19662122624999998 0.711314235 0.200415445 0.7143394000000001 0.20471555125 0.7184646175
2 0.344595745 0.6447722275 0.34105449 0.65769790875 0.3438369325 0.6700735600000001 0.348389965 0.67419877625 0.35496662625 0.67419877625 0.36129032375000003 0.66979854875 0.370396465 0.65632283625 0.38633215374999996 0.61864586 0.38911459625 0.60407009125 0.389620485 0.5936195412499999 0.38987344749999997 0.58839427375 0.38886163250000005 0.5848190799999999 0.38429434125 0.58378198875 0.37747897625 0.585094095 0.36837287375000005 0.5949946137500001 0.35041355500000004 0.630746495 0.344595745 0.6447722275
2 0.31879506375 0.7566440087499999 0.30994188625 0.77589502 0.29931808125 0.79597107375 0.29805334125 0.8058716 0.29931808125 0.81274696125 0.30285935625 0.82209744625 0.30640061125 0.82594767375 0.30994188625 0.827322745 0.316265585 0.8234725175 0.32790120500000003 0.8124719399999999 0.34130745249999994 0.78772064 0.34889589125 0.7662695150000001 0.35066651875 0.75471890625 0.35066651875 0.748393575 0.34990766749999996 0.7445433800000001 0.3468723 0.7417932349999999 0.3451016725 0.7404181675 0.34286695500000003 0.7366674550000001 0.34004271375 0.73519288375 0.3327072 0.742343255 0.32840709375000005 0.7448183899999999 0.31879506375 0.7566440087499999
2 0.29602975 0.8700140025 0.27478212 0.8818396212499999 0.26061703999999997 0.8911901175 0.25631693375000003 0.89916554 0.25505219375 0.9068659425 0.2565698775 0.9140163137499999 0.26061703999999997 0.9186915824999999 0.26618190625 0.9206166650000001 0.284141205 0.9145663450000001 0.31474790124999996 0.8986155087500001 0.33245427499999997 0.8818396212499999 0.33321308875 0.8790894775 0.33296016375 0.87523928125 0.33148233 0.86996984 0.33144246125000004 0.8653387549999999 0.3261305775 0.8628636249999999 0.31373610625000004 0.8642386974999999 0.29602975 0.8700140025
2 0.36255506375 0.9368425112500001 0.37924964250000004 0.9591186875 0.38810282 0.96104378125 0.39594418249999996 0.95829363625 0.39897955 0.95416842 0.40049725375 0.9467430375000001 0.39771481000000003 0.9305171812499999 0.381273195 0.9008156225 0.3676140225 0.8807395699999999 0.3630609525 0.8760643225 0.3569902175 0.87496426 0.35446073749999996 0.87523928125 0.34761054999999996 0.8771846600000001 0.34358396874999997 0.8818396212499999 0.34434282000000005 0.89201515875 0.35091944374999995 0.9115411899999999 0.36255506375 0.9368425112500001
0 0.53116339875 0.89172849125 0.536200495 0.8936333725 0.5425516125000001 0.8936333725 0.54890273 0.89220471125 0.55547284875 0.88910931125 0.5778112424999999 0.8755370625000001 0.58460036125 0.86958433125 0.5889804399999999 0.86363159875 0.58832343875 0.8622029474999999 0.58766642 0.86125050625 0.58722841875 0.85886941375 0.58722841875 0.85696454125 0.58394336 0.8517261349999999 0.5810963025 0.8457734037500001 0.5775922425000001 0.84148743875 0.571241125 0.84386853125 0.5587579075 0.85005936875 0.537295515 0.865298365 0.52919237625 0.87339408375 0.52634531875 0.87934681625 0.52634531875 0.882918455 0.526576495 0.8857136162499999 0.5285353575 0.8895855125 0.5296303775 0.89029985625 0.53116339875 0.89172849125
0 0.62730612875 0.86601269125 0.637818325 0.8714892025000001 0.6562146412500001 0.8755370625000001 0.67176393375 0.87696572375 0.6816191112500001 0.87720382875 0.6868751925 0.87720382875 0.68972225 0.8764895025 0.6921313062500001 0.87339408375 0.6930073087499999 0.87053677125 0.6949783637500001 0.8669651325 0.6954163662499999 0.8629172724999999 0.6976064049999999 0.8572026475 0.6976064049999999 0.8533929025 0.6973873875 0.85077370375 0.69563535 0.8486307162500001 0.68643719125 0.8464877300000001 0.68030507375 0.8448209725 0.66804087375 0.8436304262500001 0.65424361875 0.84124933375 0.6430744224999999 0.8402968925000001 0.63234322625 0.84196365875 0.6255541075 0.8469639499999999 0.62292605 0.85005936875 0.62076447125 0.85299313625 0.6189839899999999 0.8552977749999999 0.61876497125 0.8576788675 0.62226904875 0.86125050625 0.62730612875 0.86601269125