2 0.182016595 0.18542072625 0.17557126374999998 0.19716052625 0.17445033375000002 0.20583777625 0.17585149125000002 0.21068682 0.178653805 0.2157910825 0.18565958999999999 0.21732236749999997 0.19014330875 0.21655673 0.19518746125 0.2145150175 0.19967116000000001 0.21043163 0.20387463 0.20532736750000002 0.2097595075 0.19358754874999998 0.21452343249999997 0.1821029575 0.21508388625 0.17317049874999998 0.21396297749999998 0.16934230125 0.212001345 0.165258885 0.20947925874999998 0.15989941375 0.20387463 0.15913377625 0.19827000250000001 0.16143068875 0.19266537499999997 0.16679017000000002 0.182016595 0.18542072625
2 0.354860645 0.13259160749999999 0.34701415750000003 0.13795108375 0.34533275125 0.14101363875 0.34673390875000004 0.1458626875 0.34897576874999997 0.15045652625 0.35317923874999996 0.1530086575 0.36719080875000004 0.159644195 0.39016977500000005 0.16781101625000003 0.4027801875 0.16883187374999997 0.40782436125 0.165514105 0.4120278325 0.16219632625 0.41398944375 0.16015462249999998 0.41258828625 0.15709206375 0.4089453125 0.15326387125 0.4047418425 0.15020132125 0.40137903125 0.14815960875 0.39736676000000004 0.14481075499999999 0.38204308124999997 0.13795108375 0.37083382625 0.133102035 0.36102572625 0.13208117875 0.354860645 0.13259160749999999
2 0.62646445625 0.2349297825 0.63431094375 0.24769044875 0.642717885 0.26427930125 0.6505643525000001 0.2770399575 0.657850385 0.27959208875 0.66205385625 0.2772951675 0.6668177812499999 0.271935695 0.66905964125 0.26759706 0.66905964125 0.260195895 0.66765848375 0.25253950125 0.66009222375 0.23875797875 0.6547678225 0.23365371625 0.64748181125 0.2290598825 0.6421574099999999 0.22497647625 0.63879464125 0.22344519125 0.63455358875 0.22483607374999998 0.6289865425 0.22676297 0.6270249312499999 0.22829426375 0.62590400125 0.230846395 0.62646445625 0.2349297825
2 0.64579099875 0.42871084125000003 0.6354224025 0.4376433 0.6242131675 0.45014874749999995 0.62141085375 0.45703949375 0.62309223875 0.46137812875 0.62645500625 0.46418547 0.6320596350000001 0.46673760125 0.6376642625 0.4677584575 0.6488735187499999 0.46239896625 0.6603630225 0.453721735 0.66820951 0.44376842000000005 0.67185248375 0.4384089475 0.672973435 0.4325390375 0.6738141387500001 0.4284556225 0.6738141387500001 0.42590349125000004 0.6738141387500001 0.42309617000000005 0.6695885699999999 0.4218705225 0.66596765125 0.41952316250000005 0.6626048824999999 0.41901274374999997 0.6564397574999999 0.42054403874999996 0.64579099875 0.42871084125000003
2 0.3116919 0.34263354749999997 0.2959989675 0.34773781 0.289833885 0.35131079249999997 0.28619086875 0.3556494125 0.28591062 0.36279538375000003 0.28955363625 0.36738921750000003 0.2985210325 0.36968614 0.313373305 0.36841007374999996 0.32206049625 0.36713400375 0.332709255 0.36356102125 0.33887438000000003 0.35947761 0.34251735375000003 0.35386292374999995 0.34307785 0.3497795225 0.3437632375 0.34471463874999997 0.3422371475 0.34059184000000003 0.33691272625 0.3382949325 0.32682442125 0.339060565 0.3116919 0.34263354749999997
2 0.31885174125 0.47936151125000004 0.33006099749999995 0.49646079249999997 0.34183072875 0.507690165 0.34939701 0.51024229625 0.35780393125000004 0.50871102125 0.36144690500000004 0.5056484612500001 0.3622876075 0.50130983625 0.36172715375000003 0.49543993625 0.35892483875000003 0.48931481750000005 0.35191905375 0.47961672125 0.334544695 0.45996531249999995 0.33118192625 0.45613711625000003 0.32697845625 0.4540954075 0.32557729875 0.45358498500000005 0.32169119875 0.45407194625 0.3160494275 0.45537147375000003 0.3132471125 0.45843403250000003 0.31408781625 0.46762170625000005 0.31885174125 0.47936151125000004
2 0.21494535875 0.6081047199999999 0.21438488249999998 0.6070838825 0.20990118500000002 0.60453175125 0.19560938749999998 0.59866184125 0.17795480125000002 0.5953440625 0.16478393375 0.59355757875 0.15805837625 0.59508885375 0.15217352125 0.5984066325 0.15301422374999998 0.6012139725 0.1541351325 0.60580781625 0.15693744625 0.61116728875 0.16366300375 0.6157611137500001 0.17991643375 0.6203549575 0.19897215625 0.621120605 0.20513726 0.61933410125 0.20852820625 0.6157167125 0.2155058125 0.6114224975 0.2155058125 0.6098912225 0.21494535875 0.6081047199999999
2 0.5089686725 0.50219128125 0.49803964375 0.50346734625 0.48907222625 0.50550905 0.4787036725 0.51010288375 0.47478042875 0.5164832125000001 0.4728188175 0.5236291775 0.4739397475 0.5292438687500001 0.478423445 0.5312855725 0.48430830125 0.53307206625 0.49831987 0.53000950625 0.5184965225 0.52643652875 0.53194763875 0.51980098125 0.535590655 0.51622800375 0.5371563375 0.51146062 0.53531040625 0.507040325 0.53194763875 0.503977765 0.52213954 0.5024464900000001 0.5089686725 0.50219128125
2 0.63283094125 0.60402131375 0.642078565 0.615250695 0.6574912912499999 0.62928741625 0.66757963875 0.63668860125 0.67234356375 0.6392407325 0.67626682875 0.6389855237500001 0.6799098037500001 0.63694381125 0.6824319112499999 0.62928741625 0.68327261375 0.6246935725 0.68299236625 0.621120605 0.68075050625 0.61678197 0.67682728375 0.60963601375 0.66645873 0.60070355375 0.6608541025 0.5976409850000001 0.6499250525 0.591771095 0.64600183 0.58921896375 0.641237905 0.58743246 0.6363053375 0.5879788525 0.6322704875 0.591771095 0.6311495575 0.5953440625 0.6311495575 0.59917226 0.63283094125 0.60402131375
2 0.7788617825 0.8227637425000001 0.77045484 0.8337379237499999 0.7679327537499999 0.83807653 0.76709207125 0.84394644875 0.76849322875 0.85007154875 0.7707350675000001 0.85441016375 0.77521878625 0.85568623 0.78250479875 0.85364452625 0.7934338275 0.8447120674999999 0.81164886875 0.82888885125 0.81781397125 0.8194459737500001 0.81921512875 0.8153625575 0.81921512875 0.8120447887500001 0.81865463125 0.8100030862500001 0.8180941774999999 0.8087270200000001 0.813050025 0.8066853174999999 0.80716514875 0.80540925125 0.8010000662500001 0.80643009875 0.79175242125 0.810258295 0.7788617825 0.8227637425000001
2 0.36742153 0.76628164 0.374427315 0.77623495625 0.3875981825 0.7872091287499999 0.39992836750000005 0.79384466625 0.40833531 0.7948655225 0.41786318125 0.7912925350000001 0.42010502000000005 0.7887404037500001 0.42290733375 0.785677835 0.42010502000000005 0.7787870875 0.41309923499999995 0.77189635125 0.3976865075 0.7591356949999999 0.38227378125 0.74867194125 0.37807031 0.747395875 0.37554822375 0.747395875 0.37386683875000004 0.74841672125 0.36968912375 0.7521742275 0.3665808275 0.7525001374999999 0.36574012375000003 0.7576044000000001 0.36742153 0.7611773775 0.36742153 0.76628164