2 0.15659311374999998 0.31014053125 0.18175902875 0.31110177875 0.18930880875 0.3091792975 0.1927691175 0.30405270375 0.1927691175 0.3002077525 0.1896233775 0.293799505 0.1852193375 0.2886729125 0.17924245125 0.28514836875 0.16477203124999998 0.28098301124999997 0.14054984625 0.2816238375 0.13331464875 0.28546878875000004 0.12953975874999998 0.288032085 0.12514341625 0.2922818075 0.12513571875 0.29636280249999997 0.12733773875 0.3021302225 0.1342583675 0.3062955925 0.15659311374999998 0.31014053125
2 0.32300273500000004 0.26111744125 0.3283504825 0.2755359975 0.33401282250000003 0.28899332 0.34219174125 0.29636280249999997 0.35320182875 0.29860569125 0.3576058925 0.29604239499999996 0.36043704 0.29155661625 0.36012244625 0.28386672625 0.35571843000000003 0.26752568875 0.34345004125 0.24189269875 0.33652942375 0.23452321625 0.33369825374999995 0.23195991375 0.3280786975 0.23143979874999998 0.32331730375 0.23356197625 0.3208007275 0.23740693875000002 0.32048613375 0.24926218125 0.32300273500000004 0.26111744125
2 0.28022068375 0.39280692125 0.29940968875 0.39697229125 0.3148238175 0.396011045 0.32237359625000006 0.39088445125 0.32489017375 0.38511704375 0.32394646625 0.3809516725 0.31828412624999997 0.3767863025 0.30507203 0.370378055 0.28619759375000003 0.36621270875 0.27550207375 0.36557186999999997 0.266379425 0.3674943625 0.26200674500000004 0.3703357 0.2610316775 0.37582508 0.2610316775 0.37902920375 0.26826686375000003 0.38639867375000003 0.28022068375 0.39280692125
2 0.4739368675 0.48268467875 0.4848648925 0.4950998325 0.48959513375 0.49722596 0.49266628124999995 0.4950362675 0.500836565 0.49295929 0.500836565 0.4882501025 0.49663348874999996 0.47754739 0.48906796999999996 0.45314518625 0.4848648925 0.44244247375 0.4785602775 0.43516464125 0.473096265 0.4317397775 0.46409990874999996 0.43223843125 0.46006673249999996 0.43644898 0.45838549624999997 0.4428706075 0.4613276375 0.45699816875000004 0.4739368675 0.48268467875
2 0.6790874012499999 0.31133506375 0.69191951375 0.3224587075 0.7115772237500001 0.33386044 0.72167913875 0.3374756225 0.7276856549999999 0.33552898249999996 0.73123497375 0.33080144125 0.73014285375 0.32134633874999996 0.72713961625 0.31411597375 0.71266934375 0.30299233000000003 0.69847211125 0.29604005125 0.6951957925000001 0.29464959625 0.6885486875 0.2957123175 0.6845478787499999 0.298542865 0.6779953012500001 0.30021141875 0.6758111025 0.30327041625 0.6790874012499999 0.31133506375
2 0.58598627125 0.3776029325 0.56168714375 0.37788102 0.55240432875 0.381218115 0.5499471100000001 0.38566757875 0.55240432875 0.3926198575 0.55568060625 0.39790358249999996 0.5646904025 0.4031873175 0.5919927875 0.4068025 0.60564398 0.40485585999999996 0.6121965575 0.40124067750000003 0.615745855 0.39818168 0.6148195 0.39437573125000003 0.61383469625 0.38900466375 0.60810119875 0.38455521 0.6020946625 0.38066193125 0.58598627125 0.3776029325
2 0.540391275 0.4474038 0.5439405937499999 0.45185326375 0.5562266675 0.46075218125 0.56905878 0.4679825575 0.578068575 0.471041555 0.5843481112500001 0.47048535999999996 0.5925388275 0.46687018874999997 0.596088145 0.462420745 0.59390394625 0.45574653249999997 0.58898953 0.44851619 0.57151599875 0.43600208875 0.55240432875 0.4268250625 0.5439405937499999 0.4248784225 0.5357498775 0.42793742125 0.53465777875 0.4326649725 0.53738801625 0.43794870750000003 0.53902615625 0.442120075 0.540391275 0.4474038
2 0.69410371375 0.47382246625 0.6960148725 0.48550228500000003 0.69929115 0.49189838874999997 0.7042055875 0.49134219375 0.707481865 0.4930107575 0.71348842375 0.48967365125 0.7200409799999999 0.4774376375 0.727958655 0.45602463 0.72932377375 0.438226795 0.727412615 0.43099643 0.7241363375000001 0.42738124749999995 0.7189278437500001 0.42529490000000003 0.70939306625 0.42821551874999997 0.7009293099999999 0.437392545 0.6962879125000001 0.4563027175 0.69410371375 0.47382246625
2 0.6111044575 0.49940684124999996 0.6392259225 0.50051921 0.652877115 0.49746021125 0.6621599100000001 0.49356693125 0.6643441087499999 0.48995173875 0.66188689 0.48578037125 0.66188689 0.48299946 0.65506129375 0.47827191999999996 0.63676870375 0.47493483500000006 0.62257145125 0.47410055375 0.61165049625 0.47437863999999996 0.60345978125 0.47576909624999997 0.59980059125 0.47810067125000005 0.59581512625 0.48244328625 0.596361165 0.48939556500000003 0.6023677025 0.49551356124999996 0.6111044575 0.49940684124999996
2 0.81937813375 0.61665590125 0.81746695375 0.63056045625 0.81965115375 0.637512735 0.8251116725 0.64947063 0.83139116625 0.6519734537499999 0.836578645 0.6500268237500001 0.8420391225 0.64251835125 0.8494107575 0.62027106125 0.852687035 0.5996923249999999 0.85241403625 0.5941305025 0.8491377175 0.59051531 0.8448818737499999 0.5882284962500001 0.8395818825000001 0.58856868 0.83275628625 0.58968103875 0.82456559125 0.5999704125 0.81937813375 0.61665590125
2 0.6910479525 0.5646528375 0.6735744212500001 0.58106021875 0.6670218450000001 0.58968103875 0.66401858625 0.59440859 0.66401858625 0.6005265962499999 0.666475805 0.6046979637500001 0.67384744125 0.60636650625 0.6820381562500001 0.605532235 0.69541633 0.59718950125 0.7098866024999999 0.5827287612500001 0.71711147 0.572717485 0.7192956687500001 0.5665994775000001 0.71971545625 0.56187192625 0.71971545625 0.56020338375 0.71619713375 0.55904635875 0.7158931187500001 0.5560320175 0.71288986 0.5546415625000001 0.70579124375 0.55547583375 0.6910479525 0.5646528375
2 0.506522385 0.6033809675 0.50188098875 0.61450461125 0.5035191274999999 0.62201307375 0.50570332625 0.6256282562500001 0.5130749625 0.6242378012500001 0.52781825375 0.61478270875 0.53873920875 0.6058838125 0.54720294375 0.5922573225 0.54856806375 0.583358415 0.5483579325 0.579465135 0.54617373375 0.5747375837500001 0.54365364625 0.570844315 0.54201548625 0.5686195775 0.53846618875 0.5691757612499999 0.5349462125 0.57016336375 0.52836429375 0.5739033125 0.5218117375 0.5811336775 0.5122559025000001 0.59670678625 0.506522385 0.6033809675
2 0.36364395375 0.55443693375 0.36418999375 0.57279094375 0.36582815375000005 0.5844707725 0.37128863 0.59503823375 0.37784118624999996 0.5994876975 0.38193654375 0.5994876975 0.38821610125 0.59642868875 0.39121935999999996 0.59058878 0.39313053875000004 0.57668422375 0.39285749875 0.548597025 0.38985424 0.537473385 0.38821610125 0.53441437125 0.3857588825 0.53163346 0.38168507625 0.53090644125 0.37866026625000004 0.53079918875 0.37046955 0.5358048275 0.3655551125 0.5430352075 0.36364395375 0.55443693375
2 0.13392929374999998 0.57028813 0.12956091625 0.577518495 0.12901485499999998 0.58168986125 0.130653015 0.58363650125 0.13174509375 0.5886421399999999 0.13283719375 0.59142305125 0.13938977 0.59142305125 0.149491645 0.5883640525 0.15850144 0.58280223 0.1713335525 0.5700100324999999 0.17788731 0.56027684375 0.18116242875000002 0.54998748 0.18116360875 0.54331329 0.17979730875000002 0.537473385 0.17624799 0.5355267349999999 0.17078869375 0.53497055625 0.16314283750000003 0.5371952825 0.14758048625 0.5516560225 0.13392929374999998 0.57028813
2 0.38536547749999994 0.7093147275 0.3690482375 0.7186320475 0.36212576625 0.723668435 0.35990069375 0.72996392 0.36113684874999996 0.7360075887499999 0.37275669875 0.74305854875 0.38338762375 0.74280671375 0.40069378125 0.7347484912500001 0.41552763125 0.7259348137499999 0.42022502125000005 0.7193875037499999 0.42022502125000005 0.7148547562500001 0.42566409125 0.7093147275 0.42393348375 0.7075520000000001 0.42073599875 0.70505086875 0.41898886750000003 0.7020119712499999 0.41478593125 0.700752875 0.4068745525 0.70150833125 0.38536547749999994 0.7093147275
2 0.48697734625 0.801732445 0.4817855025 0.81004249125 0.4798076475 0.81784888875 0.47931319375000003 0.8231370925 0.48129102875 0.82565528625 0.48574119125000004 0.8269143825 0.48722457249999995 0.82918076125 0.49192196250000003 0.82943257625 0.49711380624999996 0.82641075125 0.5193645812500001 0.81079793875 0.53048996875 0.79619242625 0.53147889625 0.791911485 0.5309844225 0.7883860287500001 0.528512115 0.785616 0.5250508975 0.78284599 0.5181284275 0.7813350775000001 0.5114532024999999 0.782594175 0.49909166 0.7904005725000001 0.48697734625 0.801732445
2 0.556449225 0.72341662 0.57746384625 0.7312230162500001 0.58883644125 0.7344966662500001 0.5942755125 0.73374121 0.600950775 0.7289566475 0.600950775 0.7249275325000001 0.6004562825 0.71963932875 0.599467375 0.7140993 0.5898253875 0.7067965350000001 0.57845275375 0.7017601462499999 0.5646078124999999 0.69798285625 0.5586742875 0.697479225 0.5487850537500001 0.69873832125 0.54210982875 0.69974559375 0.5408736749999999 0.70024923375 0.5391182274999999 0.7028487637499999 0.539143085 0.7067965350000001 0.5411208825 0.7120847475 0.5445821375 0.71686931 0.556449225 0.72341662
2 0.67786540625 0.756404955 0.68206834125 0.7694995837499999 0.6882491125 0.77680232125 0.6934409562499999 0.7810832625 0.696654965 0.7815868937499999 0.6998689725 0.77730597125 0.7045663437499999 0.772773215 0.7065441975 0.76446319625 0.7070386525000001 0.75287949 0.70407189 0.73071937625 0.7013523349999999 0.7216538825000001 0.6996217275 0.717624775 0.6976438725 0.7153583975 0.69541881 0.71359566 0.6931937100000001 0.7123365625 0.6922048024999999 0.71158110625 0.6867657125 0.7140993 0.67959603375 0.7188838725 0.67588757125 0.72341662 0.67489864375 0.7350003074999999 0.67786540625 0.756404955
1 0.63367909125 0.25496866 0.64158392875 0.2577450625 0.65712109 0.26052146 0.67020495375 0.2599661775 0.68138079875 0.25718976875 0.6868324237500001 0.25358045874999996 0.69173889375 0.24608416 0.6895582349999999 0.2421971975 0.684651765 0.23470091375 0.6778372349999999 0.23081395125 0.67020495375 0.22970338625 0.6543952774999999 0.2310915875 0.63885811625 0.23136924 0.63286133875 0.23414564250000003 0.63177103125 0.236922045 0.6293177750000001 0.24108664875 0.62686456125 0.2449736 0.62575016625 0.2485477525 0.6257742525 0.251636965 0.6293177750000001 0.2533028075 0.63367909125 0.25496866
1 0.24435439750000001 0.673317945 0.26912410125 0.6942223224999999 0.2843397875 0.6999890562500001 0.29106297125 0.6981869537500001 0.2942476525 0.6909785475 0.2924783875 0.6834097124999999 0.2850474825 0.6689928987499999 0.27160106125 0.6552969274999999 0.2553238325 0.6470072625000001 0.24966219125 0.6441239025000001 0.24207723375 0.644587135 0.233031115 0.6441239025000001 0.22949258625 0.64628641875 0.23090797625 0.65493651375 0.24435439750000001 0.673317945