2 0.512042655 0.19991384875 0.52004882625 0.1984179525 0.52773475625 0.19692205000000002 0.53349921 0.19280833749999998 0.5440673425 0.18420692375000003 0.5511127874999999 0.17298769375 0.5527140225 0.1655082075 0.5527140225 0.16176846375 0.55207351375 0.15802872125 0.5511127874999999 0.15578487375 0.54983179625 0.15354103375 0.54694956875 0.15167116125 0.54310661625 0.15167116125 0.539583905 0.1531670575 0.53413969375 0.15578487375 0.51556539 0.16999590250000002 0.506278225 0.17822334 0.502755515 0.183832955 0.5021150062499999 0.18719872250000003 0.50243524875 0.19093846625000002 0.5037162399999999 0.19467821000000002 0.5049972325000001 0.19991384875 0.50723895125 0.19991384875 0.512042655 0.19991384875
2 0.5732098025 0.22085640625 0.572889585 0.22422218000000002 0.5732098025 0.2283358925 0.5799350075 0.2373112825 0.59594735125 0.2507743525 0.6045940075 0.25862782125 0.6119596949999999 0.26236756499999997 0.61772414875 0.26049769375 0.6209266175 0.25750590125 0.6218873675 0.25189628625 0.62252785125 0.24703460875000002 0.62028613375 0.241051025 0.61548243 0.23319757 0.60587502375 0.22384821124999998 0.597548585 0.21674269375000002 0.5937056325 0.21449885375 0.58698042875 0.21337691875 0.5792945225 0.21300295 0.57769328875 0.21300295 0.57545157 0.2159947425 0.5732098025 0.22085640625
2 0.48930513124999997 0.39288461249999995 0.49410883375 0.3917626775 0.49859229499999996 0.3883969025 0.50179476375 0.38428319125 0.50179476375 0.3771776725 0.49859229499999996 0.37082012124999997 0.4921873575 0.36034882875 0.47649525625 0.34239807749999995 0.4681688425 0.33828436500000003 0.46144366249999996 0.3367884625 0.45792095125000004 0.3390323025 0.45215649874999997 0.34015423749999996 0.45183625624999996 0.3480076925 0.455038725 0.35773101875 0.47265230375 0.38091741625 0.48930513124999997 0.39288461249999995
2 0.58698042875 0.412705235 0.59979030375 0.4209326875 0.60779647625 0.4254203675 0.61163942875 0.42592273249999996 0.61227996125 0.42293094000000003 0.6148418975 0.4191911975 0.6148418975 0.41545145375 0.61388119625 0.41171171 0.60971797625 0.40311028875 0.597548585 0.3855335075 0.587300695 0.3731923425 0.58409822625 0.37057453375 0.57662412875 0.37057419875000003 0.5732098025 0.37904754500000004 0.572889585 0.3872749975 0.5757717875 0.39812025875 0.58698042875 0.412705235
2 0.65805153 0.36475289875 0.663162095 0.37924658375 0.6658390837499999 0.3840778 0.66851607375 0.38606713125 0.671193025 0.38748807999999996 0.6724098325 0.38350943 0.6799540475000001 0.374415355 0.6816575687499999 0.3661738475 0.6797106712500001 0.35054341125 0.6787372412499999 0.33633392375 0.6741133537499999 0.32695566374999996 0.6699762187499999 0.32184025 0.6677859825 0.31899835249999997 0.6646222774999999 0.31644064125 0.66090104875 0.3163983975 0.65513120125 0.32041930125 0.65367101875 0.32553471500000003 0.65415773375 0.33889163625 0.65805153 0.36475289875
2 0.47066057 0.44938546 0.48234192 0.462458195 0.494509985 0.46615268125 0.49718695625000003 0.46387914375 0.49889049625 0.4596162975 0.5005940175 0.45450088375 0.5003506600000001 0.45023803749999997 0.49694359875000005 0.44313329375000005 0.4862356975 0.426934475 0.47333755875 0.411588225 0.4694437625 0.40817795125000006 0.46701014999999996 0.40647281125 0.46070175999999996 0.40728483125 0.45605889125 0.41357755500000004 0.4541120125 0.42295581499999996 0.45678898250000005 0.43204988875 0.47066057 0.44938546
2 0.39475844875 0.48015431 0.38867441625 0.49322704 0.3862408025 0.50288949 0.38551071125 0.51709897875 0.38721423250000003 0.52732981 0.39062131375 0.53500293625 0.39475844875 0.5395499675 0.39840886750000004 0.5409709162499999 0.40132919625 0.5412551125 0.4030327175 0.54011835 0.40643979874999997 0.53670807 0.408630035 0.52931914125 0.41276716999999996 0.50203693375 0.4132539225 0.48441716125 0.41155036375000004 0.4790175525 0.40936012624999996 0.4756072775 0.40789994375 0.4741863325 0.4038062175 0.47438458125 0.40132919625 0.47304956875000004 0.40035576624999997 0.4724811875 0.39792215249999996 0.47503889625 0.39475844875 0.48015431
2 0.3271039975 0.46679739249999996 0.31177224625 0.465092255 0.30690502 0.465092255 0.30325460125 0.465092255 0.299360805 0.46679739249999996 0.29644047625 0.46992348624999997 0.29522367 0.47304956875000004 0.29546702750000003 0.47816498500000004 0.29790064125 0.48526972874999996 0.30203779375 0.49180609124999997 0.31347576875 0.49663731875000006 0.33586500125 0.4997634075 0.34365257374999997 0.498910835 0.35363038375 0.49265866375 0.356307355 0.49066934375000004 0.35606399625 0.48811162625000004 0.35542979375 0.48503533625 0.35411709874999997 0.48015431 0.35095341374999994 0.4756072775 0.34121896125 0.47077605 0.3271039975 0.46679739249999996
2 0.28840954625 0.66970887375 0.29205996625 0.6691405025 0.29644047625 0.6680037400000001 0.3144492175 0.662319945 0.324670385 0.6552152 0.330997775 0.65038398375 0.33416148 0.64526855875 0.33367476375000005 0.6427108475 0.330997775 0.6387322075 0.324670385 0.6333325975 0.31834299375 0.63162746375 0.3027678675 0.63418515375 0.29059980125 0.6410057125 0.28743611625 0.6447001887499999 0.28354232 0.6495314050000001 0.27721492999999997 0.6569203349999999 0.276728215 0.66004644 0.27818837875 0.66203575875 0.2805832525 0.6646780525 0.28232551375 0.6685721325 0.28524586 0.6691405025 0.28840954625 0.66970887375
2 0.467319665 0.7155771075 0.47948773 0.72069253125 0.48532840499999996 0.7178506337499999 0.48776201874999997 0.710461705 0.48800537624999996 0.70619885875 0.48800537624999996 0.70307275375 0.48581513875 0.69824153625 0.48119127 0.6908526075 0.4724302675 0.682326915 0.45880201875 0.674937985 0.44906756625 0.67266445875 0.44201010375000005 0.6729486437500001 0.43884639875 0.67351703625 0.43592608 0.6746537775 0.43446589750000003 0.67607472625 0.43423164125 0.67994413375 0.43276236625000003 0.6843162337500001 0.4349526125 0.6902842149999999 0.44882420875 0.7013676200000001 0.467319665 0.7155771075
2 0.51453176125 0.62094192125 0.51526185375 0.62690990125 0.51745210875 0.63032018 0.5271865612500001 0.629467635 0.53351395125 0.62776247875 0.5405714325000001 0.6215103025 0.55517311125 0.595933225 0.55614654125 0.58854428375 0.556633275 0.5839972525 0.5568766325 0.58229211875 0.55590318375 0.57945022125 0.554929735 0.5785976425 0.55197803125 0.577696895 0.5464120887499999 0.57746089 0.5347307575 0.58826009875 0.5193989875 0.6101427125 0.51453176125 0.62094192125
2 0.63019561 0.5120306475 0.6221646612499999 0.51771444375 0.6170540775 0.5231140475 0.61413374875 0.52993460625 0.61535055625 0.53703935 0.61997442375 0.540733825 0.62435491625 0.54215477375 0.63116904 0.5418705725 0.64747424125 0.5344816425 0.6671865212500001 0.52140891375 0.6710802800000001 0.51686187625 0.67132365625 0.5143041724999999 0.6706371837499999 0.510597145 0.67035022625 0.5063468525 0.6598856825 0.503504955 0.6460140950000001 0.50492590375 0.63019561 0.5120306475
2 0.58030652375 0.67771328375 0.5795764325 0.6941962775 0.5820100450000001 0.70215359875 0.58590384125 0.7055638675 0.5893108850000001 0.7072690237499999 0.5919878737500001 0.70613226 0.59369139625 0.7032903625 0.5990453375 0.6959014324999999 0.60585946125 0.68226031625 0.6092665225 0.6689034062499999 0.60999659625 0.65583066 0.609023165 0.648157545 0.60853643125 0.64332633875 0.60634617625 0.6402002349999999 0.60415593875 0.63764254375 0.59953207125 0.636221595 0.59588165125 0.6359373887499999 0.5917444975 0.63877928625 0.58687727125 0.6464524 0.58030652375 0.67771328375
2 0.677651065 0.58364646875 0.68860232375 0.58364646875 0.7158587824999999 0.57512077625 0.72486314375 0.56943698125 0.72948699375 0.56574251625 0.7299737462500001 0.56119547375 0.7275401325 0.55465911125 0.72291624625 0.5503962649999999 0.7153720674999999 0.5472701762500001 0.6995535825 0.5501120737499999 0.6915226525 0.5532381625 0.6817882000000001 0.55949033875 0.6766775975 0.56375318625 0.6755052512499999 0.56846624125 0.6747307 0.57341564125 0.67229708625 0.5756891575 0.67278383875 0.5796678075 0.677651065 0.58364646875
2 0.664698535 0.7095624725 0.6671321287499999 0.71183601 0.6737029137499999 0.714109505 0.68660103375 0.71581465 0.70241951875 0.7166672175 0.71361415375 0.71553045375 0.7184813800000001 0.7129727525 0.7209149925 0.7098466587500001 0.7204282775 0.706720575 0.718968095 0.70245772875 0.7167778575 0.69677393375 0.71264072375 0.6927952725000001 0.7050965075000001 0.6876798599999999 0.6887913075000001 0.6859747249999999 0.67735333375 0.6871114774999999 0.6695657425 0.6893849937500001 0.6617781875 0.695352985 0.6600746662500001 0.6981948825000001 0.66181381125 0.70089061625 0.6622649212499999 0.70529962625 0.66275163625 0.706720575 0.664698535 0.7095624725
2 0.22646137125 0.8770456824999999 0.2313285975 0.89125517 0.2357091075 0.89835991375 0.2398462425 0.8997808625 0.24495682625 0.89864411 0.24812053125 0.89153936625 0.24860724625 0.88187691 0.24495682625 0.8665306587499999 0.23911615125000002 0.84379547875 0.23643918125 0.838680065 0.23230204624999998 0.8355539762499999 0.22886003124999998 0.83544514125 0.22329766625000003 0.8361223687499999 0.22013398124999997 0.84066939625 0.22013398124999997 0.8503318525 0.22646137125 0.8770456824999999
2 0.44978903125 0.8120718425 0.448572225 0.820597535 0.45270935875 0.83025999 0.457576585 0.8313967425 0.46755441374999995 0.822586865 0.4826428075 0.79104180625 0.48653658499999997 0.77768488 0.48580651125 0.772001085 0.4831295225 0.77001176 0.47996583625 0.76830663125 0.4731517125 0.772001085 0.46390399375 0.78137935 0.44978903125 0.8120718425
2 0.5395893575 0.8217342974999999 0.5434831525 0.83054417625 0.54664682 0.8336702699999999 0.54981052375 0.833954455 0.554191035 0.833954455 0.5597883525 0.8254287625000001 0.5629520575 0.81349279125 0.5631953962499999 0.80127263375 0.56051844375 0.7845054387499999 0.5561379325 0.7759797462500001 0.5517574225 0.7728536575 0.54498018375 0.7708305675 0.5381291925 0.77427460625 0.53520884625 0.783368675 0.53788581625 0.81150346 0.5395893575 0.8217342974999999
1 0.32628452750000003 0.8150843037500001 0.3238510075 0.8209350562500001 0.32284896125 0.83246939125 0.3219900725 0.8441708975000001 0.32098803750000005 0.8585470374999999 0.32256266875 0.8707500349999999 0.32542563874999997 0.8772694425 0.32785915875 0.8794425837500001 0.32929064375000006 0.8817828812499999 0.3305789825 0.882785865 0.33272621125 0.88295304 0.33673437375 0.8802784 0.34246031375 0.87593212875 0.34546643000000005 0.87024854375 0.34818625375 0.8582127075 0.34861569375 0.84600971 0.34489383375000005 0.8416634325 0.343605495 0.83982462625 0.34503698 0.8356455175 0.34546643000000005 0.83330521375 0.34460754125000004 0.8307977475 0.344034945 0.8286246125 0.34603902625000005 0.8241111725 0.34503698 0.82043355875 0.34460754125000004 0.8192634124999999 0.3428897525 0.81826042 0.34102882875 0.81642161125 0.3408856825 0.8125768375 0.34102882875 0.810905195 0.3408856825 0.8100693724999999 0.34031308625 0.80956787375 0.33773640875 0.8087320525 0.33558918125 0.8078962300000001 0.332583065 0.808063395 0.32986324000000006 0.81040369625 0.32628452750000003 0.8150843037500001