2 0.1649620575 0.5078449425 0.15691584375 0.5110085275 0.15289272499999998 0.51614935375 0.1516548525 0.52089473875 0.15320220125 0.5264310225 0.15629688875 0.5307809487499999 0.16991357125 0.5386899175 0.18136397250000003 0.5410626175000001 0.20147951875 0.54303986 0.21385831625 0.54224896 0.22252346 0.53552636375 0.22561816 0.53157187875 0.226856045 0.5280128075 0.22747497500000002 0.52366291 0.22654657875 0.51614935375 0.22097611125 0.509822185 0.2098351975 0.5066586000000001 0.1887912325 0.5046813575 0.1649620575 0.5078449425
2 0.27977539875 0.38841951125 0.27141972 0.40740104000000005 0.27141972 0.41570545875 0.273276535 0.42400987 0.27729965375 0.4295461475 0.2803943525 0.43191883875000003 0.2853458675 0.43231430375 0.29184473125 0.42915070499999997 0.3110318575 0.40502834875 0.32372014374999997 0.37892875 0.32464854000000004 0.37378792625 0.324958005 0.370228885 0.324958005 0.36706529625 0.32464854000000004 0.36390171625 0.3196603375 0.35875403125 0.31845914125 0.35520184374999997 0.31134134625000004 0.35559729375000004 0.29493943125 0.3658789575 0.27977539875 0.38841951125
2 0.28008486375 0.5133812274999999 0.29184473125 0.5117994275000001 0.30329511 0.5090312850000001 0.31722125625 0.50309955875 0.324958005 0.49756328875 0.32960005375 0.4932133475 0.33238528875 0.4892588625 0.33362317249999995 0.48411803625 0.3330042425 0.48095445124999997 0.32867165875 0.47541816750000004 0.32124437499999997 0.47146368375000003 0.3119602775 0.47027734125000004 0.29710571125 0.47185914124999995 0.28472691375 0.47818631000000006 0.273586 0.48688617875 0.2661587175 0.49756328875 0.26708713625 0.50072687375 0.2689758725 0.50448859375 0.27080076625 0.5102176275 0.27265760499999997 0.5117994275000001 0.28008486375 0.5133812274999999
2 0.38035312875000005 0.52208108 0.399540255 0.5224765375 0.41625166 0.51733571125 0.42367891999999996 0.5114039850000001 0.42677361875000003 0.5058677 0.42955887750000005 0.4963769325 0.42986831875 0.4900497625 0.42615468874999995 0.48609527874999997 0.41748952125000005 0.48134989375000004 0.38994671625000005 0.48253623625000003 0.37014061125 0.48807252 0.3633322825 0.49598148999999997 0.36147549125 0.50072687375 0.3608565125 0.5058677 0.36054707125 0.510613085 0.36797433124999995 0.51773115375 0.38035312875000005 0.52208108
2 0.44008083625 0.43468698125000005 0.438842975 0.4449686425 0.44162818625 0.45445940375 0.45184070249999997 0.4568320875 0.46143424250000004 0.45010947625 0.4775267175 0.4121464175 0.4803119275 0.3955375875 0.4812403475 0.38762861875 0.48000243875000004 0.38169689625 0.47597936750000003 0.37774241125 0.46886155 0.37734695375 0.4642195 0.38130143875 0.452150145 0.40423744874999995 0.44008083625 0.43468698125000005
2 0.43481985625 0.54976247125 0.43481985625 0.56241682375 0.43698613625 0.5703257924999999 0.44224711624999996 0.5726984774999999 0.46267215125 0.56083504 0.4812403475 0.5386899175 0.4861918375 0.5264310225 0.4877391875 0.52129019625 0.48742974625 0.5141721112500001 0.48588239625 0.509822185 0.48588239625 0.5058677 0.48293395875 0.5025125324999999 0.4744320175 0.50072687375 0.46205322000000004 0.5117994275000001 0.44039032499999997 0.5410626175000001 0.43481985625 0.54976247125
2 0.20890677875000002 0.63162030125 0.21200147749999998 0.64625191125 0.22066664625000001 0.658115365 0.226856045 0.6585108074999999 0.23366437375000002 0.64862459625 0.24047272625000002 0.63478390125 0.24697159 0.59523905625 0.24790001 0.58337560375 0.24604317125000003 0.5766529625 0.245114775 0.5726984774999999 0.2407318575 0.5696986362500001 0.23056967374999998 0.572303035 0.21726248125000003 0.5940527 0.2116920125 0.6150114787500001 0.20890677875000002 0.63162030125
2 0.27451442 0.6268749325 0.28132274875 0.6205477625 0.29184473125 0.60196166875 0.30391406374999996 0.5774438775 0.3110318575 0.56004414 0.3088655775 0.55213517125 0.30422352875 0.54738981625 0.29679624625 0.5450171025 0.29153526625000004 0.5462034450000001 0.2865837525 0.54976247125 0.27946593375 0.5584623400000001 0.26987237000000003 0.5742802775 0.2618261575 0.5944481425 0.2596598525 0.6074979524999999 0.2596598525 0.61857052125 0.2621356225 0.625688575 0.26770606625 0.62885217375 0.27018183625 0.62806125875 0.27451442 0.6268749325
2 0.57653823375 0.3084149725 0.5712772537499999 0.33016463625 0.5706583 0.34044630499999995 0.57344353375 0.35151885875 0.58334658625 0.35903237 0.59046438 0.354287 0.6046999925000001 0.33135097874999997 0.614603045 0.30208779625 0.616769325 0.28824710875000004 0.616769325 0.28073358125 0.61553144125 0.275988205 0.61274623 0.27203372125 0.60751714875 0.26736117125 0.6037715975 0.26570654375 0.596963245 0.26768378625 0.58860756625 0.2783608975 0.57653823375 0.3084149725
2 0.52299994875 0.4211177775 0.53878291 0.43772664624999996 0.54682912375 0.44089019999999995 0.5533279875 0.44009929999999997 0.5564226875 0.43495847374999996 0.5558037575 0.42744496249999997 0.5539469425 0.41439515125 0.54899540375 0.39778632875 0.53971130625 0.37840935000000003 0.52733250875 0.36456865374999997 0.52299994875 0.3618005125 0.51736844375 0.362706155 0.51278743125 0.36812769625 0.51000219625 0.37761845 0.5103116624999999 0.39462273000000003 0.52299994875 0.4211177775
2 0.55585602 0.5792115875 0.5447151075 0.60372940875 0.5406920125 0.6163837462499999 0.5403825475 0.623106365 0.5410014774999999 0.6298289925 0.54378671125 0.63734251875 0.55214239 0.6389243025 0.55987913875 0.63655161875 0.5654496075000001 0.631806235 0.57318635625 0.62152458875 0.5843272925 0.5902841475 0.58896934125 0.5756525525 0.59051669125 0.56576634125 0.5908261325 0.55943916875 0.5908261325 0.55667102625 0.58778502875 0.55389014125 0.5843272925 0.5519256462500001 0.57813789375 0.55271654625 0.5679253762500001 0.559834615 0.55585602 0.5792115875
2 0.5620454187499999 0.760722435 0.56514011875 0.78405389875 0.571948495 0.79908092125 0.57813789375 0.79947636375 0.58401780375 0.79670823625 0.59051669125 0.78365842625 0.59515874 0.74727718125 0.5960871125 0.723550275 0.59515874 0.71761854875 0.5939208324999999 0.71405950625 0.58933264625 0.7085169825 0.58185152375 0.7108959525 0.572567425 0.71801399125 0.56575909625 0.73145924375 0.5620454187499999 0.760722435
2 0.4676571125 0.73739097125 0.48498742375 0.75320890875 0.4933431025 0.7579542775 0.5020082699999999 0.7579542775 0.5081976687499999 0.757558835 0.5143870675 0.75518615 0.5146965325 0.74767262375 0.51098290375 0.739763655 0.502317735 0.7271093025 0.48839158875000005 0.70970958 0.47817907125 0.7018006112499999 0.4682760425 0.6990324687499999 0.46146771375 0.6990324687499999 0.45558777999999994 0.70219605375 0.45496882499999997 0.7093141224999999 0.45713512875 0.71999123375 0.4676571125 0.73739097125
2 0.40916728874999997 0.64960141375 0.4169040375 0.67332832 0.42123662125000005 0.6768873625 0.42680706625 0.6808418462500001 0.43206806875 0.6800509475 0.43701958374999994 0.67491012 0.43949532875 0.66818749375 0.43887639874999995 0.65553314125 0.4382574675 0.6432742450000001 0.43423434875 0.61836098875 0.429282835 0.60135670125 0.42618813625 0.59582044 0.42371236625 0.5930522899999999 0.42154608625 0.5910750475 0.41406499125 0.5899532700000001 0.40731047375 0.59858856625 0.40390628624999997 0.6080793275 0.40390628624999997 0.62350183 0.40916728874999997 0.64960141375
2 0.33365662 0.6523695562499999 0.33891761125000003 0.6701647362500001 0.35005853625 0.6855872162500001 0.35593844500000005 0.6923098425 0.36305626375000005 0.6966597837499999 0.36676989374999996 0.6966597837499999 0.36955512749999997 0.694287085 0.37264982750000003 0.6919144 0.37450664250000004 0.68795991625 0.37450664250000004 0.68123728875 0.3707930125 0.66621025125 0.36336572875 0.6476241725 0.3565574 0.6302244425 0.35067746624999996 0.62350183 0.34913011625 0.62152458875 0.34480911875 0.6176181362500001 0.33706078375 0.62112912375 0.3314903275 0.6310153337500001 0.33118086249999995 0.640901545 0.33365662 0.6523695562499999
2 0.360580495 0.76942228875 0.37419717625 0.7895901525 0.38471915875 0.79710367875 0.3943127225 0.79710367875 0.3977168875 0.79552187875 0.39926423624999996 0.79235831 0.39957372625 0.7880083824999999 0.39647902625 0.77891305625 0.38471915875 0.7536043512499999 0.37481613125 0.7354137287499999 0.37017408125 0.730668375 0.36676989374999996 0.7275047600000001 0.3639846825 0.7263184175 0.357485795 0.7286911325 0.35284374625 0.7302729012499999 0.351605885 0.739763655 0.353772165 0.7536043512499999 0.360580495 0.76942228875
2 0.1570012975 0.6945426575 0.18021154374999998 0.7107560374999999 0.19320928250000002 0.71668776375 0.20373126500000002 0.7170832212499999 0.208992245 0.71510598 0.21084906 0.71273328 0.21177747875000003 0.70719701 0.21239640999999998 0.70007894125 0.20558807999999998 0.68821549625 0.18856723375 0.67200209375 0.16752328 0.6585568625 0.1600959975 0.6561841562499999 0.15514448249999999 0.65578871375 0.15058315249999998 0.6566453575 0.1483361425 0.6597431975000001 0.1467887925 0.665674925 0.14895508375 0.6799110625 0.1570012975 0.6945426575
2 0.2588169 0.6941472224999999 0.2436528925 0.70047438375 0.23622560875 0.70601066875 0.23313091 0.71471052125 0.231893025 0.7194559062499999 0.231893025 0.72420129 0.234059305 0.728946675 0.23839188875 0.7336920587500001 0.256341155 0.73566930125 0.28357449500000004 0.728946675 0.29285859375 0.7261785325 0.29688171125 0.7222240487499999 0.29873852625 0.71471052125 0.29935748125 0.709569695 0.2925491275 0.70205618375 0.27181465125 0.6945426575 0.2588169 0.6941472224999999
2 0.3182351425 0.8685399862500001 0.332470755 0.86814451375 0.3467063675 0.8630037025 0.35691888499999996 0.85628106 0.36156093375 0.85034933375 0.36310828375 0.8428358375 0.36403667874999995 0.8345313962500001 0.36279881750000004 0.82859967 0.36094198 0.8246452 0.35722835000000003 0.8214816 0.34763478625 0.8222725 0.33494652375 0.8270179 0.31297413875 0.83571775375 0.30461846000000004 0.83809043875 0.30059534125 0.8396722375 0.2972198875 0.84288918875 0.29781013125 0.8491630062500001 0.29935748125 0.85509473375 0.30338057625000003 0.8618173450000001 0.3182351425 0.8685399862500001
2 0.41540868375 0.84995389125 0.43335795 0.8558856174999999 0.454401915 0.8598401025 0.46492387375 0.8590492175 0.4711132725 0.8566765325 0.47266062249999996 0.8511402487499999 0.46894699250000005 0.8412540375 0.46647122375 0.83492686875 0.45533033375000004 0.8270179 0.43428636875000004 0.81910894625 0.42593069 0.81831801625 0.4185033825 0.8179225737500001 0.41262347374999997 0.8202952587500001 0.40736249375 0.8242497425 0.40284476625000004 0.828068725 0.40302988624999997 0.8317632687500001 0.403958305 0.83729955375 0.40736249375 0.8440221649999999 0.41540868375 0.84995389125