2 0.11517464875 0.6672902000000001 0.1250618625 0.6891360237499999 0.13604765125 0.70268042875 0.14520247625 0.7087972662500001 0.15582207875 0.7057388475 0.1605825975 0.70005893625 0.16241356375 0.6926313525000001 0.16021638249999998 0.6838930225 0.15032918374999998 0.6624841087500001 0.13458287375 0.631463045 0.12799141625000002 0.625783125 0.12141395749999999 0.62452676875 0.113709885 0.62840462625 0.11297749625 0.6349583725 0.1122451075 0.65156119625 0.11517464875 0.6672902000000001
2 0.27337002125000004 0.634521455 0.27300383375 0.64457053875 0.27593338875 0.6511242862500001 0.28179247125 0.65330886875 0.2957077875 0.6511242862500001 0.3041302375 0.64631821125 0.3143836525 0.62971538 0.32683419125 0.605248055 0.32903137125 0.5986943075 0.33122852375 0.59126672375 0.33049612125000005 0.58252839375 0.32903137125 0.576411565 0.32285492875000005 0.56994481 0.31291887500000004 0.5720424 0.2975387525 0.58864523125 0.27813054125000003 0.6231616325 0.27337002125000004 0.634521455
2 0.37187596749999996 0.587771395 0.3674816075 0.60131580875 0.3674816075 0.633210725 0.3711435375 0.64675512125 0.37919982750000003 0.6541827050000001 0.38505888125 0.654619615 0.39348133124999995 0.64850279375 0.39860801125 0.62709388 0.40153756625 0.6074326375 0.40080519125 0.5812176474999999 0.39897422624999995 0.5716054825 0.39714326125 0.56636249375 0.39198580624999996 0.56503243375 0.38798843625 0.56243023875 0.3835941325 0.5646148212500001 0.37846739625 0.5737900650000001 0.37187596749999996 0.587771395
2 0.36125633749999997 0.7725870662500001 0.3623549275 0.78744223375 0.3656506425 0.79312216125 0.37187596749999996 0.79224830875 0.3806645775 0.78569456125 0.39091799125000004 0.7594795725 0.39787563625 0.7363230350000001 0.39897422624999995 0.72190476125 0.39787563625 0.71316643125 0.39457992124999997 0.7087972662500001 0.3869497825 0.70639970625 0.3788336125 0.7096711025000001 0.36674923249999997 0.7288954187500001 0.3623549275 0.75117816875 0.36125633749999997 0.7725870662500001
2 0.46891710875000003 0.712292595 0.45500176375 0.72671083625 0.44841027875 0.74243983875 0.44950887 0.75685808 0.45536792374999996 0.76690718875 0.46562133875 0.76647024625 0.4795366825 0.7520519887499999 0.4952829925 0.72802158125 0.50114204625 0.71535101375 0.5037054425 0.70836034 0.5029730112499999 0.7039911750000001 0.5004892375 0.6987582324999999 0.49748011750000004 0.69394209875 0.48905772249999996 0.694379025 0.47404378875 0.70486501125 0.46891710875000003 0.712292595
2 0.30559501499999997 0.8558666524999999 0.2957077875 0.8724694425 0.2920458575 0.88251851875 0.29351063499999996 0.8916937749999999 0.29900353 0.8982475225000001 0.30266546 0.9026166875 0.31291887500000004 0.9008690149999999 0.32903137125 0.8864507899999999 0.34551005625000003 0.8619834562500001 0.3502705475 0.8488759625 0.350636735 0.8414483787499999 0.34917198624999995 0.83795305 0.3452881275 0.83084657125 0.34148191125 0.8279039575 0.33781998125 0.8270301375 0.32500322625 0.8322731225 0.30559501499999997 0.8558666524999999
2 0.50511908625 0.49249554875 0.48900658874999997 0.50036005125 0.4820489175 0.50953529875 0.4820489175 0.51652595625 0.48497847125 0.5239535399999999 0.49486567125 0.53138112375 0.51024579375 0.5300703775 0.5358793025 0.5213320475 0.54979461875 0.511282955 0.55565372875 0.50254463375 0.55785088125 0.49948623124999997 0.5526807625 0.49189261 0.5519918 0.48725255625 0.5450341275 0.48506797375 0.5256258875 0.48594180125 0.50511908625 0.49249554875
2 0.58970966 0.63365153875 0.5948363950000001 0.6598665287500001 0.6039912199999999 0.67646935125 0.61131508 0.67952777 0.61607554375 0.68040160625 0.62156843875 0.6799646799999999 0.62779376375 0.6716632762499999 0.6274275487500001 0.6563711999999999 0.62339940375 0.63933145 0.6175403500000001 0.6183594625 0.6157093849999999 0.60699964875 0.610948865 0.60175663875 0.6069207200000001 0.59957205625 0.603041005 0.5994190675 0.59959686 0.6008828024999999 0.594103965 0.60743655 0.5900758475 0.6227286275 0.58970966 0.63365153875
2 0.61387842 0.6900137725000001 0.59593493 0.6860815175 0.58714632125 0.6865184275 0.58201961375 0.68957684625 0.5776253087500001 0.6948198474999999 0.57506194125 0.6987521025 0.57835768375 0.70530585 0.5886110975 0.7153549262500001 0.6153431687500001 0.7267147475 0.62999088875 0.7315208387500001 0.6380471237500001 0.732831585 0.6417090525 0.7319577825 0.6435400174999999 0.72846242 0.6465339412500001 0.7238659325000001 0.64976534375 0.7214717462500001 0.6472019475 0.7131703437500001 0.63401903375 0.7009366850000001 0.61387842 0.6900137725000001
2 0.569027825 0.85687414375 0.5741545325 0.86342789125 0.57964742625 0.8638648012500001 0.5844079475 0.8603694550000001 0.59612611125 0.84769890375 0.5997880412500001 0.8411451737500001 0.60637952625 0.8210469874999999 0.61077383125 0.80007498375 0.61187242125 0.787841325 0.61187242125 0.7804137412500001 0.60564712375 0.7716754112499999 0.6019851937499999 0.7690539187500001 0.60015422875 0.7686170099999999 0.59868947875 0.76774317375 0.59296895625 0.76862313875 0.58550650875 0.77779224875 0.5741545325 0.8131824775 0.5668306725 0.8433297562500001 0.569027825 0.85687414375
2 0.5097803425 0.88376329125 0.5354983425000001 0.89347372125 0.54917119 0.8973578925 0.5563331525 0.89541580625 0.5586119775 0.8923084862499999 0.5608907775 0.88881272625 0.5625184987499999 0.88531696625 0.5628440375 0.8787138862499999 0.5586119775 0.87288762875 0.54526466875 0.86006985 0.53680049875 0.85385518125 0.5091292399999999 0.8425910775 0.50001401625 0.84336793 0.49578193125 0.84608683875 0.49187541 0.84958259875 0.48766817875 0.8521637762500001 0.485690065 0.85812776375 0.48634114375000004 0.86473087375 0.49350313125 0.8732760399999999 0.5097803425 0.88376329125
2 0.71189562 0.91699383875 0.70733799625 0.950397725 0.7066869174999999 0.9624386512499999 0.7086401787500001 0.97758692625 0.71189562 0.9826363612500001 0.716453245 0.9830247725 0.72068533 0.9822479199999999 0.731102735 0.977198515 0.73728808 0.96515760375 0.74217124375 0.940687295 0.74314786125 0.928646355 0.74347342625 0.9131096675000001 0.7408690625 0.9030108275000001 0.7382646975 0.895630895 0.7350092562499999 0.89368880875 0.7298335699999999 0.8943789275 0.72426631125 0.895630895 0.72068533 0.8979614075000001 0.7174298874999999 0.9026224162500001 0.71189562 0.91699383875
2 0.74380149875 0.6423330325000001 0.7366395099999999 0.65204346125 0.73598843125 0.6590349825 0.7402205162500001 0.6625307275 0.7402205162500001 0.66719173625 0.7460802975 0.67107590875 0.76235751 0.67107590875 0.795888575 0.6598118049999999 0.8063059812500001 0.650101375 0.80695708375 0.645051955 0.80695708375 0.64039094625 0.8050037987499999 0.6361183637500001 0.80077173875 0.6291268575 0.79523747125 0.62485425875 0.7841689875 0.625242685 0.76040424875 0.6326226025 0.74380149875 0.6423330325000001
2 0.68455243375 0.5638176925 0.67576274875 0.57469337 0.673158385 0.5797427900000001 0.6721817675 0.5844037987499999 0.67283284625 0.589841645 0.67511167 0.5929489800000001 0.67576274875 0.5972215625 0.6786926525 0.60032891125 0.6868312575000001 0.6007173225 0.70017856625 0.59683315125 0.71808349875 0.5840153875 0.7337096325 0.56342928125 0.73729061375 0.55449567375 0.73696507375 0.5467273312500001 0.7353373537500001 0.5424547475 0.733089575 0.5357927575 0.72752428625 0.534686405 0.7206878625 0.534686405 0.70506173 0.54361999625 0.68455243375 0.5638176925
2 0.83430278 0.5381821649999999 0.8203043925 0.53196748125 0.80923588375 0.5308022325 0.7968651925 0.532355915 0.79035430875 0.53352114875 0.783517885 0.5405126625 0.78058798125 0.548281005 0.78058798125 0.5541072625000001 0.7812390849999999 0.5583798462499999 0.7844945275 0.563040855 0.79133095125 0.56847870125 0.80435272 0.5723628725 0.82941961625 0.57313971 0.8456968525 0.56847870125 0.8502544512500001 0.5638176925 0.85193376625 0.55714295 0.85546318 0.5506115025 0.85285881625 0.54789259375 0.84244141 0.54284315875 0.83430278 0.5381821649999999
2 0.6838061012500001 0.4672774675 0.6746908775 0.47776473375 0.6720865137500001 0.48475627000000004 0.6707843325 0.49446669875 0.67306315625 0.504953935 0.6769696775 0.50922651875 0.68217838 0.511168605 0.68999144625 0.51000338625 0.70171103375 0.5030118499999999 0.7212436875 0.48864044125 0.731010015 0.47931839375 0.7352421 0.47349213625 0.7371953600000001 0.46883114249999996 0.7375208999999999 0.46533538125 0.73686982125 0.45989753499999997 0.73553157875 0.45524430875 0.7316611175 0.44979869499999997 0.7176627062500001 0.44863344625 0.7020365737500001 0.454848115 0.6838061012500001 0.4672774675
1 0.68580313 0.7903001199999999 0.68469779625 0.80329988125 0.68453989375 0.80857512375 0.68611894875 0.81121275625 0.68769800375 0.8117779749999999 0.6916456412499999 0.8117779749999999 0.69669861375 0.811401155 0.7019095 0.80895194375 0.707909915 0.80443027625 0.71675260875 0.79312615125 0.72275302375 0.77843079 0.72291093875 0.76543105 0.72291093875 0.7603441925 0.7221214112500001 0.756199345 0.721805605 0.7526197062500001 0.7210028075 0.7495338825000001 0.7146998562500001 0.7524313037500001 0.6963828075 0.768068675 0.6880138100000001 0.78182202625 0.68580313 0.7903001199999999