2 0.18250076750000002 0.39921244125 0.19113688750000002 0.39472188125 0.1993975575 0.38781334375 0.2132904625 0.37710511625000004 0.22643241125 0.36708773125 0.23431757375 0.35914291624999994 0.23431757375 0.35361607749999996 0.2305627325 0.35050724375000003 0.221551105 0.3480892525 0.20840915625 0.35154352250000004 0.18625561000000002 0.3636334625 0.17348912500000002 0.37399626875 0.1644775125 0.3871225 0.16184912 0.39334016875000005 0.16335106249999998 0.3957581725 0.16674382000000001 0.3970900725 0.17348912500000002 0.400939575 0.17686850375 0.400939575 0.18250076750000002 0.39921244125
2 0.2718659975 0.329090775 0.2643563125 0.33945358124999997 0.26398083499999997 0.3491255575 0.26848663375000004 0.3553432125 0.27261698375000004 0.358106625 0.27749826125 0.35879748125 0.28388151 0.3556886475 0.291391195 0.34532584125 0.30678604249999997 0.32943619625 0.31842604874999997 0.32010966875 0.32743767625 0.31043771875000004 0.33081704 0.30456545875 0.33081704 0.30111119 0.329690575 0.29765692125 0.32518477625000003 0.29282095375 0.31842604874999997 0.29040296250000003 0.30791247875 0.29351181 0.2898892525 0.30767430625 0.2718659975 0.329090775
2 0.42431262 0.305256315 0.4160519775 0.314928265 0.40328548 0.33081791000000005 0.39502483750000006 0.34325327125 0.39239643125 0.35361607749999996 0.39277193875 0.36017919374999996 0.395775795 0.36397888375 0.39915515874999996 0.3663968875 0.406289365 0.36674231 0.412672585 0.3632880275 0.42543908375 0.35050724375000003 0.44759263125 0.31907339 0.45284938750000003 0.3125102875 0.45360040124999995 0.30629259375 0.45172298 0.30180204624999996 0.44652794749999997 0.299565235 0.44383778874999996 0.29662064375 0.44120941 0.2962752225 0.43144679750000003 0.301456625 0.42431262 0.305256315
2 0.49006291375000005 0.3898859 0.50996358875 0.4106115125 0.5178487525 0.41372035875 0.521603595 0.41441120249999996 0.52648490125 0.4126840675 0.53023974375 0.408193535 0.5306152225 0.40163041875 0.52798684375 0.39541272375 0.521603595 0.38677705250000005 0.51634681 0.379868515 0.5092126325 0.3729599775 0.50320486125 0.3636334625 0.49757259750000005 0.36087005 0.49306679875 0.35845205874999997 0.4881854925 0.3553432125 0.4793885 0.35307443749999995 0.47391710875000004 0.35465235624999997 0.47128870125 0.36017919374999996 0.47654548625 0.37261455625000006 0.49006291375000005 0.3898859
2 0.59707592 0.27589503125 0.600079805 0.28280356875 0.60421012625 0.28694869375 0.6083404474999999 0.28867582875 0.615099175 0.2862578375 0.6188540175 0.27762216625 0.61847853875 0.25827826625 0.6244862812499999 0.22960784499999998 0.6252372375 0.22028130999999998 0.62486175875 0.21440905000000002 0.6229843375 0.21095478125 0.61847853875 0.2081913625 0.61036127 0.21196549 0.6008307625 0.22822612500000003 0.59482302 0.24895173750000002 0.59557400625 0.26345966875 0.59707592 0.27589503125
2 0.64175855 0.42546487749999995 0.65377403375 0.4354822625 0.66466311125 0.43893653125 0.6729237525 0.43859108375 0.6778050587500001 0.43410055 0.6789315225 0.42822827750000003 0.6778050587500001 0.42373774375000006 0.672548245 0.4171746275 0.66353664625 0.408193535 0.63988112875 0.38850418625000005 0.629743065 0.37952309375 0.621482395 0.37779595875 0.6136473262500001 0.38155514250000006 0.61021786875 0.38539536625 0.61021786875 0.39334016875000005 0.61960497375 0.4064664 0.64175855 0.42546487749999995
2 0.7611625475 0.3874679225 0.77430449625 0.37917767124999996 0.7994619274999999 0.3619063275 0.8133548325 0.34394415375000004 0.81373034 0.33807186875 0.81297938375 0.33289046499999997 0.8095999912499999 0.32943619625 0.80246581375 0.3280544975 0.79382966375 0.33116333124999997 0.78331609375 0.33945358124999997 0.7502735275000001 0.36397888375 0.73863349375 0.37641424625 0.73825798625 0.38194109750000005 0.74133404125 0.3863019275 0.7472696424999999 0.39023132125 0.751024485 0.3895404775 0.7611625475 0.3874679225
2 0.8566473625000001 0.5387076675 0.8566473625000001 0.5469979175 0.8604022050000001 0.55356102125 0.86565896125 0.55494273375 0.87204218125 0.55356102125 0.8754215737500001 0.547688775 0.88330670875 0.53525339875 0.89044094375 0.5241997362499999 0.8990770925 0.51003724 0.9024564275 0.49829272125 0.90395834125 0.49311132375 0.90208092 0.48862077125 0.8957786350000001 0.48684744625 0.88668610125 0.49311132375 0.86866284625 0.5114189525 0.85890023375 0.52938114 0.8566473625000001 0.5387076675
2 0.71959558875 0.53248998625 0.74625499125 0.541816515 0.7687840174999999 0.5497613299999999 0.7792975875 0.55183388625 0.7864318225 0.5514884649999999 0.79131307125 0.5480341962499999 0.7931904925000001 0.5438890712500001 0.793566 0.5387076675 0.78755822875 0.53110827375 0.77404083125 0.5228180375 0.75564206875 0.515564065 0.7391207862500001 0.5114189525 0.7301091587499999 0.5096918187499999 0.72522785125 0.5096918187499999 0.71786221875 0.51101289375 0.713963325 0.51452778625 0.7132123674999999 0.5224726024999999 0.7143388325 0.5269631625 0.71959558875 0.53248998625
2 0.72335043 0.6613342074999999 0.72259947375 0.67480586125 0.7229749525 0.6817143987500001 0.72485237375 0.6855140887500001 0.7278562587499999 0.68689580125 0.7334885225 0.6855140887500001 0.7391207862500001 0.6820598200000001 0.7492588487499999 0.6668610325000001 0.7567685325 0.6461354199999999 0.7669065962499999 0.62575525625 0.7691595250000001 0.61850127 0.76953503125 0.61401073625 0.7669065962499999 0.6109018900000001 0.7624586825 0.60767468 0.75564206875 0.60744762125 0.7428756275 0.6178104274999999 0.730860115 0.63715432625 0.72335043 0.6613342074999999
2 0.5941838775 0.6039933525 0.6039464612500001 0.60295707375 0.6276019512500001 0.59363054625 0.6478781050000001 0.58430404375 0.65801619625 0.5739412375 0.65651425375 0.5663418175 0.6516329475 0.5618512975000001 0.6452497275 0.561160415 0.6388664775 0.5618512975000001 0.62272067375 0.5666872525 0.590429035 0.5780863362499999 0.5814174074999999 0.5818860275 0.577662565 0.5846494387500001 0.57280635375 0.58868754375 0.57465868 0.59743023625 0.577662565 0.60053908375 0.582168365 0.60261163875 0.5941838775 0.6039933525
2 0.5105777337499999 0.44509698375 0.4989377575 0.462713755 0.49217903 0.47342200375 0.49030160875 0.48171223374999994 0.48992610124999997 0.48689363625 0.49518291499999995 0.49380217375 0.49931320749999997 0.49691102125000003 0.50344355625 0.496220165 0.512079705 0.49069334625000005 0.51996484 0.48413022375 0.5331067887500001 0.46409546874999996 0.5413674875000001 0.4485512525 0.54286940125 0.4430244275 0.5436203587499999 0.43887930249999996 0.54249389375 0.43507960625000003 0.53873905125 0.4298982025 0.53460876 0.42713479 0.5308539175 0.42644393375 0.52221776875 0.4298982025 0.5105777337499999 0.44509698375
2 0.47715966000000004 0.5836131612500001 0.4734048175 0.58810370875 0.47227835375 0.5905216987499999 0.4745312825 0.5957031025 0.48241641625 0.59984825375 0.50006422125 0.6033025225 0.52447069625 0.60122994 0.543995865 0.5957031025 0.55601135 0.5887945637499999 0.56051714875 0.58603117875 0.5577843875 0.58178313 0.55037908625 0.57843175875 0.53273133875 0.5753229237499999 0.4981868 0.57670462375 0.47715966000000004 0.5836131612500001
2 0.36639181125 0.51625492125 0.37840729500000003 0.5331808425 0.388920865 0.53836224625 0.39305118624999996 0.53939852375 0.39830797124999995 0.5373259675 0.40093635 0.5338717 0.40281377 0.52316345875 0.384790545 0.49103876125 0.3682692325 0.46720430874999996 0.36263696875 0.46375004 0.36000856249999996 0.462713755 0.352874385 0.4634046125 0.34799307749999997 0.46478633125 0.34461371375 0.4696222925 0.34987049875 0.48792992124999995 0.36639181125 0.51625492125
2 0.282658815 0.5718686550000001 0.29091948625 0.57912264125 0.29655175 0.58395859625 0.30293496999999997 0.58603117875 0.30781627624999996 0.58430404375 0.31006917625 0.58119517 0.30931819 0.5756683725 0.29580076375000003 0.5511430425 0.284911715 0.53698053375 0.27439817375000003 0.52834486125 0.26688849000000003 0.5259268712499999 0.261631705 0.5241997362499999 0.2578768625 0.52454517125 0.25265069125 0.5265478237500001 0.25074265625 0.53179913 0.2526200775 0.53698053375 0.261631705 0.54734334 0.282658815 0.5718686550000001
2 0.15987546875 0.49069334625000005 0.15161482625 0.49207504 0.14335417 0.49552930875 0.136219965 0.500019855 0.13359157124999999 0.50416498 0.13321609375 0.5090009612499999 0.13959932875 0.51590949875 0.14673352 0.51832749 0.16438128249999998 0.517982055 0.197799385 0.51383693 0.2154471325 0.50796468375 0.21882649625 0.5031287025000001 0.21995296 0.500019855 0.21791239375 0.49332033375 0.21019037625 0.48862077125 0.2004277625 0.48620278749999996 0.18202905875 0.48792992124999995 0.15987546875 0.49069334625000005
2 0.10768316875 0.6440628637499999 0.10918509625 0.6533894050000001 0.11181348875 0.664443055 0.11669478124999999 0.6672064799999999 0.12533092999999998 0.6668610325000001 0.132840615 0.65857080875 0.14110125625 0.6440628637499999 0.1493619125 0.61677413625 0.150863855 0.60710219875 0.149737405 0.60019364875 0.1482354625 0.59673938 0.14560707 0.59293971625 0.1377219075 0.5898308425 0.12871028 0.5922488337499999 0.11857220249999999 0.61021104625 0.11181348875 0.63128208 0.10768316875 0.6440628637499999
2 0.29842917125 0.645099155 0.32696596624999996 0.64648086875 0.35024597749999997 0.6461354199999999 0.36263696875 0.6437174425000001 0.36939566749999997 0.63853604 0.3705221325 0.6343909275 0.36864471125000003 0.6292095249999999 0.36488986875 0.62506438625 0.35775566249999996 0.620228405 0.3476176 0.6178104274999999 0.31570144 0.6198829825 0.308191755 0.6205738525000001 0.29805366375 0.6223009875000001 0.28973617125 0.6262302912500001 0.2852872225 0.62886407625 0.284911715 0.63508177125 0.2864136575 0.641299465 0.29842917125 0.645099155
2 0.06129058 0.67640411625 0.0650454225 0.6840035175 0.07818737125 0.69505716625 0.09583511874999999 0.705074545 0.11273190875 0.71371021625 0.12099258 0.7150919287499999 0.1296287 0.7161282075 0.13601194875 0.7144010725 0.1375138625 0.7092196625 0.139015805 0.70472913 0.13826484875 0.7005839912499999 0.1251229 0.690912055 0.10184286125 0.67640411625 0.08607253375000001 0.66742301625 0.07931380625000001 0.6629324637499999 0.07555896375 0.6622416137499999 0.06769272875 0.66463609 0.06354348 0.66707758875 0.06166605875 0.66949557875 0.06129058 0.67225899125 0.06129058 0.67640411625
2 0.21899395875 0.750670895 0.22237332250000003 0.7603428449999999 0.22537717875 0.76828766 0.23664170625 0.77865046625 0.243024955 0.7824501700000001 0.24753075500000002 0.7821047350000001 0.25241206125000004 0.77865046625 0.2565423825 0.7713965075 0.25466496125 0.76379711375 0.24490237625 0.74721662625 0.23589075 0.717164485 0.23025848624999998 0.70680167875 0.22725460000000003 0.7036928387499999 0.2246262225 0.7019657037499999 0.216504085 0.7026103637500001 0.21148427375 0.7078379575 0.21073328875000003 0.72234588875 0.211108795 0.73685382 0.21899395875 0.750670895
2 0.1735603725 0.81457486625 0.17769069250000002 0.8304644975 0.18632681375000001 0.8470449975 0.20172169 0.8615529162500001 0.205101025 0.86397092 0.20848038875 0.86397092 0.21448813125000002 0.8618983375 0.21674105875 0.85844406875 0.21448813125000002 0.849462975 0.20772943125 0.8287373625 0.20097070375 0.8087026325 0.19759134 0.80041235625 0.19571391875 0.7962672449999999 0.19421200500000002 0.794194675 0.18786846125 0.79193621125 0.18332295625 0.7928129762499999 0.1758132725 0.7990306562499999 0.17393585125000002 0.805939195 0.1735603725 0.81457486625
2 0.37144058125 0.84289985875 0.38495797875 0.8508446875 0.39021479249999996 0.85291724375 0.394345085 0.85188097875 0.39547154874999996 0.8480812625 0.39509604125000003 0.8415181724999999 0.38758635625 0.82804652 0.37744829375 0.8149202875 0.36580831750000004 0.80490291625 0.36092701 0.8017940950000001 0.3552947475 0.7986852225 0.34966248375 0.7969580875 0.34553213374999997 0.7948855575 0.34290375625 0.7945401099999999 0.33574094375 0.7953884175 0.33239018625 0.80041235625 0.33351664999999997 0.80628461625 0.34665859875000005 0.8218288250000001 0.37144058125 0.84289985875
2 0.41186597999999996 0.69471173875 0.4069846725 0.7109467975 0.40097693125 0.735126685 0.39834855249999995 0.75377972875 0.39834855249999995 0.7586157099999999 0.3994749875 0.7624154 0.40097693125 0.76517882625 0.404356295 0.76725138125 0.40886209375 0.76828766 0.414869865 0.76897851625 0.42087760625000004 0.76379711375 0.425758885 0.75343430625 0.431766655 0.735126685 0.43702341125 0.71232850375 0.43702341125 0.7002385700000001 0.43364407625 0.690912055 0.43214213375 0.68814862875 0.42493387125 0.68707543375 0.42087760625000004 0.6871123450000001 0.4186247075 0.6871123450000001 0.414869865 0.6905666137500001 0.41186597999999996 0.69471173875
2 0.53502482 0.7278727125000001 0.51737704375 0.73339955125 0.5057370375 0.7437623575000001 0.50761445875 0.7479074824999999 0.50949188 0.750670895 0.5132467225 0.75377972875 0.5192544649999999 0.7548160199999999 0.5354002975000001 0.7530888849999999 0.56130871625 0.7441077787499999 0.5733242 0.738926375 0.5800829275 0.73581754125 0.5845887275 0.73167241625 0.58796809125 0.72890900375 0.59022099 0.72649101375 0.5909719475 0.7240730225 0.587217105 0.717164485 0.58308678375 0.7133647949999999 0.5710713 0.7140556375 0.5553009449999999 0.71923704125 0.53502482 0.7278727125000001
2 0.4734454 0.8608620725 0.48921572625000004 0.8884962224999999 0.5046105737500001 0.9030041400000001 0.50986735875 0.9033495625000001 0.51512414375 0.9012770062500001 0.5185035075 0.89505933875 0.5196299425 0.89056877875 0.5147486649999999 0.8770971249999999 0.50348413875 0.8553352475 0.49447251125 0.84359072875 0.48771378249999997 0.8370276124999999 0.485085405 0.8342641875 0.482832505 0.8311553662500001 0.47751075375 0.8316365874999999 0.47306992125 0.8356458999999999 0.47044151375 0.84013646 0.470066035 0.84531786375 0.4734454 0.8608620725
2 0.55642741 0.83979103875 0.54854224625 0.841863595 0.5421589975 0.8466995762499999 0.54103256125 0.849462975 0.5406570825 0.8522263999999999 0.5406570825 0.8553352475 0.5429099825 0.85948036 0.54591384 0.862243785 0.5500441887499999 0.8646617625 0.55417451 0.86569805375 0.563561615 0.86397092 0.60035905375 0.85671693375 0.62101068625 0.85291724375 0.62776941375 0.84980839625 0.629646835 0.8470449975 0.6270184575 0.8373730349999999 0.61387650875 0.83219163125 0.60073456 0.8304644975 0.5748261425 0.8346096350000001 0.55642741 0.83979103875
2 0.653302325 0.81008431875 0.6626894299999999 0.8197562687500001 0.6694481575000001 0.8294282325000001 0.680712685 0.84048188125 0.6942301399999999 0.8470449975 0.7058701175000001 0.85153553125 0.7103759737500001 0.85119011 0.71450626625 0.84911755375 0.71525722375 0.8449724412499999 0.712628845 0.83840932625 0.7036172462499999 0.82804652 0.6840920774999999 0.8069754987500001 0.6709501287499999 0.7955763874999999 0.6671952874999999 0.79315842375 0.66231398 0.7921221199999999 0.65542717 0.79193621125 0.65104945375 0.7938492537499999 0.6491720325 0.7969580875 0.6491720325 0.8014486475 0.653302325 0.81008431875
2 0.7546830674999999 0.748598325 0.74604697625 0.7655242475 0.7437940475000001 0.7734690625 0.7437940475000001 0.7793413487499999 0.74717338375 0.7838318687500001 0.7524301962500001 0.7848681474999999 0.7576869525 0.7827956175 0.77007794375 0.77208736375 0.782468935 0.75516144125 0.7907295775000001 0.7444532137500001 0.79148053375 0.7416897874999999 0.7967373474999999 0.72925442625 0.797488305 0.72372760125 0.7978637550000001 0.7199278975 0.79531923375 0.71339851 0.79185604125 0.71163766 0.78509731375 0.71232850375 0.77045345125 0.725454735 0.7546830674999999 0.748598325
1 0.39977865125 0.92757521125 0.4070281575 0.93424439625 0.42912188749999997 0.94313663875 0.45363210875 0.9474239849999999 0.4626076925 0.9486942924999999 0.47607104874999995 0.9453597025 0.48124926625000003 0.9434542324999999 0.4831479425 0.9417075325 0.48435620125 0.93964325625 0.48435620125 0.93853173 0.48383837375 0.9366262475 0.48263012875 0.9347207774999999 0.48228490625 0.93218012625 0.48124926625000003 0.9293219 0.4741723725 0.9264636799999999 0.45553078625 0.9216999762499999 0.44879911499999997 0.9212236075 0.42981231875 0.9169362737500001 0.4113433375 0.91407805375 0.408581625 0.9142368412499999 0.40746666 0.9147990375 0.4028855875 0.91614232375 0.40029647875 0.918524175 0.39891561625 0.92360545875 0.39977865125 0.92757521125