2 0.1865628375 0.25855050375 0.19134598874999997 0.25657026 0.20091231375 0.252939845 0.21765335375 0.24633908000000002 0.23409545125 0.2410584675 0.24485754624999997 0.23544782749999998 0.24814596125000002 0.23016720124999998 0.24874386999999998 0.22620674625 0.24754807625000003 0.2229063675 0.24366175375000002 0.21795579375 0.23588913 0.21564551999999998 0.22541201875 0.21696567125000002 0.21435098125 0.22059609375 0.202692035 0.22455655875000002 0.1832744225 0.23280751125 0.17281127000000002 0.24435885 0.17101757875 0.24897938374999998 0.17221337250000002 0.25095961375000003 0.1738678675 0.2548848025 0.17849125999999998 0.25921057000000003 0.18118181249999998 0.25921057000000003 0.1865628375 0.25855050375
2 0.3657189275 0.2224393775 0.35166839375000003 0.2313504175 0.35077156625 0.23762113750000002 0.35615260249999997 0.24488198125 0.36332734125 0.24785233 0.37379049375 0.24719225125000002 0.38724311875 0.24257171125 0.40787048249999996 0.23630099125 0.418333635 0.23003026 0.42251890125 0.22276941625 0.42341572875 0.21979908625 0.4213231075 0.21154813 0.41743678500000003 0.20857777500000002 0.4105610125 0.20692758375 0.3950157425 0.210558005 0.3657189275 0.2224393775
2 0.43955888375 0.26765462500000003 0.41683889874999996 0.28976717625 0.4105610125 0.29834817874999997 0.40846836750000004 0.3056090225 0.40787048249999996 0.30989951625 0.40876733375 0.31319989875 0.41205574749999996 0.31914061 0.42221995874999996 0.3178204275 0.42939467375 0.31253984500000004 0.44314624125 0.3009885075 0.46347466249999997 0.28151622 0.4691546875 0.27425538875 0.47124730875 0.269304815 0.47154622875 0.266994545 0.46945360625 0.26270405125 0.4667631 0.25808350999999996 0.46257781125 0.25643331875 0.45181573875 0.2590736225 0.43955888375 0.26765462500000003
2 0.38903679750000003 0.41136312500000005 0.3884389125 0.4232444975 0.38963470625 0.42984526125 0.394118915 0.43314564375000003 0.4012936525 0.43512586875 0.40637574625 0.43116542 0.41235469125 0.4232444975 0.41594204875 0.41400344125 0.41653995625 0.40740267625000004 0.42251890125 0.38694029125 0.42281784375000003 0.37835930124999995 0.42281784375000003 0.36614790875 0.42162205 0.3608672775 0.41952942875 0.35888704 0.41474627750000004 0.3555866575 0.40607680375 0.357566895 0.40039680125 0.36482772625000004 0.3947168 0.39090076500000004 0.38903679750000003 0.41136312500000005
2 0.61253048125 0.22299650750000002 0.59429470375 0.22794708 0.58741893125 0.2315775025 0.58413049375 0.23619803625 0.58293472375 0.2401584975 0.58353260875 0.24510906500000001 0.58622313875 0.24939956625 0.59847997 0.2510497575 0.62568416375 0.25137979625 0.6457136187499999 0.25005963875 0.65916624375 0.24609918375 0.660063095 0.24411896500000002 0.6616098625 0.23633123375 0.6627536475 0.2315775025 0.6433220774999999 0.22266648 0.6235915425 0.22299650750000002 0.61253048125 0.22299650750000002
2 0.9034420937500001 0.56257483 0.88939153875 0.5893079225000001 0.885206295 0.5985490025 0.88460841 0.60547980125 0.884309445 0.612080565 0.8872989162499999 0.61703113875 0.8926799762500001 0.6193414225 0.898061035 0.6183512975 0.90314312875 0.6153809474999999 0.9088231075000001 0.6041596425 0.93184208125 0.5648851125000001 0.936924175 0.55630411125 0.9372230949999999 0.55102349125 0.93184208125 0.54574288375 0.9279557574999999 0.5424425025 0.92317258375 0.54310258125 0.9136062825000001 0.55102349125 0.9034420937500001 0.56257483
2 0.7835642375 0.54079231125 0.7901410675 0.5467330225 0.7961200112500001 0.54541283875 0.80060422 0.5361717699999999 0.79910948375 0.51768963375 0.78804844625 0.488976305 0.7808737075000001 0.47841507875 0.77369897 0.471154235 0.7695137037499999 0.46752381875 0.76476449125 0.46639548499999994 0.76204002375 0.46851393125 0.7602463450000001 0.478085045 0.76712214 0.501517755 0.7835642375 0.54079231125
2 0.66099587375 0.40844697500000005 0.65860428625 0.4464013725 0.6603979649999999 0.4569625925 0.66518113875 0.4665337075 0.6702632325000001 0.46455347 0.67654112 0.45927286375000004 0.6819221799999999 0.45036182875 0.6831179725 0.44112076 0.68341691625 0.4289093425 0.68371585875 0.41966827500000004 0.6867053312500001 0.40910704875 0.6855095375000001 0.396565595 0.6831179725 0.38501425875 0.68102532875 0.38072376124999996 0.67618606 0.37939986374999995 0.67355164875 0.378083455 0.6678716462500001 0.3823739525 0.6642842887499999 0.390954945 0.66099587375 0.40844697500000005
2 0.59492852875 0.49656718125 0.5961243225 0.5114189025 0.5991137950000001 0.5246204325 0.6044948425 0.52990105125 0.6101748337499999 0.52891092625 0.6143600987500001 0.5239603537499999 0.61974114625 0.50844856625 0.62273061875 0.4622432125 0.6239264124999999 0.45003178875000005 0.62302957375 0.4464013725 0.61914325 0.4417808325 0.6141437825 0.44083279 0.6101748337499999 0.4407907325 0.60329904875 0.44574130625 0.59851589875 0.4599329425 0.59492852875 0.49656718125
2 0.655614815 0.59557865375 0.65800640125 0.60382961 0.6639853462499999 0.6071299925 0.67086111875 0.6031695425 0.67654112 0.5939284625 0.6822211225 0.5817170575 0.6831179725 0.57280601 0.68401480125 0.5648851125000001 0.68401480125 0.5596044925 0.685210595 0.5503634125 0.6849116525 0.540462265 0.68341691625 0.53452157875 0.68102532875 0.5312211975000001 0.679829535 0.53023111 0.6741495562500001 0.5305611175 0.668469555 0.5315512425 0.6621916675 0.54112234375 0.656511665 0.5761063925 0.655614815 0.59557865375
2 0.4782990575 0.44112076 0.46275378875 0.4510219075 0.45049695624999997 0.45828275124999995 0.43883801 0.46686374 0.43226118 0.47313447125 0.4298695925 0.478085045 0.42927170750000004 0.4827055725 0.4298695925 0.486666035 0.43405485874999994 0.49161660875 0.44003380375 0.493596845 0.44511589749999997 0.493596845 0.4552801075 0.48699608 0.47650535625 0.4724743925 0.4941432475 0.4599329425 0.49982324875000006 0.45498236249999996 0.50251377875 0.45267209875 0.50341060625 0.45003178875000005 0.50127168875 0.44371890125 0.49922536375 0.43980060875 0.49623589125 0.4381504175 0.48368009375 0.44013064125 0.4782990575 0.44112076
2 0.36440015625 0.54904326625 0.37306961875 0.56422502125 0.3802443575 0.57478626 0.38831593499999995 0.58006686625 0.39309908625 0.5780866425 0.39608855875000004 0.5721459437499999 0.39429488 0.55762425625 0.38323383 0.5315512425 0.37067804375 0.50877859875 0.36649277875 0.50217783375 0.36320436375 0.5011877225 0.35849970249999996 0.5026780187500001 0.35393700375000003 0.5071284075 0.35274121 0.5137291725 0.35602962499999996 0.53188130125 0.36440015625 0.54904326625
2 0.30966826125 0.43385991625000003 0.30637984625000003 0.45861278375 0.305482995 0.47313447125 0.3078745825 0.48501584375 0.31235879 0.49491698999999995 0.31744088375 0.4982173725 0.32162615 0.49854741875 0.3246156225 0.49722726125 0.33089351 0.457952705 0.3347798325 0.42659907875 0.33298613125000004 0.421648505 0.33149139499999997 0.41669793125 0.327478565 0.41279628625000003 0.32401771375000005 0.41141731875 0.32013141375 0.41141731875 0.31445141249999997 0.42131846625 0.30966826125 0.43385991625000003
2 0.12758690625 0.5648851125000001 0.13386479375000002 0.57280601 0.141338475 0.57313606875 0.16286268875 0.5629048625 0.18229425875 0.5533337862500001 0.19365424 0.542772535 0.19604582625 0.53650181625 0.19425214749999997 0.52990105125 0.19036582500000002 0.52660066875 0.18470657875000002 0.52494230125 0.17661425625 0.5246204325 0.13715320875 0.548053155 0.130277425 0.5549839775000001 0.12758690625 0.5648851125000001
2 0.245970005 0.59062808 0.2657005175 0.60812011625 0.27975105 0.61901136375 0.28632788000000003 0.62363190375 0.29439947 0.6239619375000001 0.29768788375 0.62165168 0.30037841375 0.6173611725 0.30067735625 0.6124105987499999 0.2979868275 0.60547980125 0.28991526125 0.5942584962499999 0.2827405225 0.58864785625 0.26868998875 0.5780866425 0.26211316 0.5708257849999999 0.2591236875 0.56686533625 0.2564331575 0.56455505375 0.2531447425 0.5629048625 0.249557385 0.56158473 0.24263762 0.56246174 0.23730053 0.56686533625 0.23550685125 0.5737961349999999 0.2370015875 0.57973683375 0.245970005 0.59062808
2 0.24425888625 0.6667487087499999 0.2323009975 0.6608080112499999 0.2194462575 0.65321713375 0.2101788975 0.6479365199999999 0.20061259499999998 0.64364603875 0.19283994875000002 0.6439760649999999 0.18566523375 0.6479365199999999 0.18237679624999997 0.6515669425 0.18177891124999998 0.654867325 0.18267576125 0.6604779775 0.1874589125 0.6650985174999999 0.20300416 0.67466961875 0.22094099374999998 0.685230845 0.23738309125 0.69348180125 0.246052565 0.69579207125 0.25203150999999996 0.6954620262500001 0.25534507375 0.6915121175 0.25830939625 0.68688103625 0.2559178325 0.6812703837499999 0.25023783125 0.67433958625 0.24425888625 0.6667487087499999
2 0.33454093999999995 0.67433958625 0.32945884625 0.6994224875 0.32706725875 0.7076734425 0.32915990375 0.724175355 0.333943055 0.7301160412500001 0.33992199874999995 0.73044608625 0.3435093575 0.72780578375 0.34889041624999995 0.71790463625 0.35397250999999996 0.6997525324999999 0.35845671875 0.685890925 0.36084830500000004 0.6759897775 0.36234304125 0.67004909125 0.363538835 0.6647684725 0.36413671999999997 0.6591578199999999 0.36413671999999997 0.65552740375 0.36323987 0.6538772125 0.35775220625000004 0.65151887 0.3545704175 0.64892663875 0.34918935875 0.64925667875 0.33902514875 0.6614680900000001 0.33454093999999995 0.67433958625
2 0.36624304125 0.71988488625 0.36385147625 0.7476080775 0.36385147625 0.7753312825 0.3653462125 0.7829221725 0.37042830625 0.78721265375 0.37670619375000003 0.788862845 0.38238619625 0.78490239625 0.38716934625 0.7723609324999999 0.39015881874999997 0.7472780324999999 0.3907567275 0.72021489375 0.38956093375 0.7129540625 0.387767255 0.70800348875 0.38597357625 0.7040430275 0.38089146 0.70107267875 0.3752114575 0.70107267875 0.371026215 0.7043730612500001 0.3680367425 0.710973825 0.36624304125 0.71988488625
2 0.45953888625 0.6438194224999999 0.46342518750000006 0.65570079375 0.47209466125 0.67451297625 0.4804651925 0.68705442625 0.48554728625000004 0.6929951124999999 0.490031495 0.69431527 0.49810308375 0.6933251575 0.50139149875 0.6873844724999999 0.5025872925 0.6807837075000001 0.49780411874999997 0.6675821775 0.48195992875000004 0.6349083875 0.47837254875 0.62731750375 0.47388834 0.6220368975 0.4708988675 0.618736515 0.46501807 0.6197716525 0.45983783 0.6220368975 0.45774520750000003 0.62632740375 0.45864203625 0.63589849875 0.45953888625 0.6438194224999999
2 0.5106588587499999 0.67154262625 0.52470936875 0.696295495 0.5360693725 0.70487649625 0.5414504325 0.70520653 0.5447388475 0.7025662512499999 0.54742937625 0.6989358112499999 0.54802726125 0.690684855 0.545635675 0.6797935825 0.53726516625 0.6656019412499999 0.5297914850000001 0.6461296925000001 0.526204105 0.63556846 0.5226167475 0.62995781375 0.5166378025 0.62731750375 0.5097620075 0.6292977350000001 0.50467991375 0.6368886175 0.50438097125 0.6474498375000001 0.5106588587499999 0.67154262625
2 0.52112201125 0.6058650250000001 0.52395424625 0.61374092 0.53193476375 0.62484214875 0.54939289625 0.6426554962500001 0.5629468049999999 0.66113987 0.56666749125 0.6631936912499999 0.57118545375 0.66348710125 0.576234955 0.6593794574999999 0.5783610674999999 0.6523377862499999 0.5767664725 0.6447093175 0.5730458075 0.6335600075 0.56135223125 0.61742286 0.54859559875 0.60187252 0.544343395 0.59776487125 0.53876237625 0.59512424625 0.5329155787500001 0.591896815 0.5281815925 0.59173514875 0.5253072775 0.59398364625 0.5232146325 0.59728402875 0.52171989625 0.60190456375 0.52112201125 0.6058650250000001
2 0.7102911937499999 0.67502611625 0.7110133974999999 0.6945606200000001 0.7135411662500001 0.70452720125 0.7160689062500001 0.70811516125 0.72148551875 0.71010847625 0.7261799262499999 0.70970985 0.7301521025 0.70412852875 0.73304097375 0.6814047375 0.7352076125000001 0.66466087875 0.7337631775 0.6431330587499999 0.73267984375 0.6347611375000001 0.7297910012500001 0.62798385875 0.7272632324999999 0.6239972275 0.72017275 0.621642975 0.71462447125 0.6251932137499999 0.71137452625 0.63117316125 0.7102911937499999 0.6431330587499999 0.7102911937499999 0.67502611625
2 0.7796238112499999 0.7228657024999999 0.775651635 0.7296430112500001 0.77348499625 0.73602158625 0.7749294312499999 0.7431975362500001 0.7796238112499999 0.74718415375 0.7890126275 0.7451908374999999 0.79948474875 0.73960959125 0.81429012125 0.7292443237499999 0.8345121600000001 0.71130447875 0.83848436375 0.706121845 0.8392065675000001 0.70412852875 0.8363176962500001 0.6965539362500001 0.8327066225 0.691769975 0.8236789362499999 0.69216863125 0.8067068974999999 0.700939225 0.7796238112499999 0.7228657024999999
2 0.8147400225 0.7997857025 0.8017401875 0.8001843675000001 0.796323575 0.80297500625 0.7927125012499999 0.80656297375 0.79235137125 0.8109482699999999 0.7927125012499999 0.8189215350000001 0.8013790575 0.8253001550000001 0.8230455037500001 0.83008410125 0.84796195125 0.83008410125 0.85879517375 0.8272934712500001 0.86746173125 0.8221108375 0.87179500875 0.82011752875 0.87179500875 0.8137389162499999 0.868183935 0.8089549537499999 0.858072915 0.8061643162500001 0.8342398575 0.803772335 0.8147400225 0.7997857025
2 0.5724369325 0.800583025 0.5579926337500001 0.8033736862499999 0.54752052625 0.80975228375 0.542103915 0.8149349024999999 0.541020595 0.8209148512500001 0.54354835 0.828888115 0.5489649624999999 0.8316787612500001 0.5626870425 0.8316787612500001 0.58435348875 0.8264961425 0.59915888875 0.82250951 0.60710326875 0.8209148512500001 0.61251988 0.8177255474999999 0.61324208375 0.81413758 0.61360318625 0.81015094875 0.61251988 0.803772335 0.6085476762500001 0.8001843675000001 0.59680309875 0.7973937375 0.58524767125 0.79938705375 0.5724369325 0.800583025
2 0.7047742300000001 0.9576563475000001 0.70549646125 0.965230955 0.70982974 0.9704135587499999 0.7177740925 0.969616245 0.73257952 0.955264375 0.74774604875 0.9397164875 0.7546070687499999 0.92815526375 0.7589403462500001 0.9157966949999999 0.75966255125 0.90981674625 0.7589403462500001 0.90622878625 0.753580965 0.90054064 0.7434127150000001 0.90343817125 0.71705188875 0.9353312287500001 0.70730199875 0.9516764000000001 0.7047742300000001 0.9576563475000001
2 0.52494273875 0.87433572875 0.5422758799999999 0.87911969 0.55455353875 0.8787210175 0.5603312524999999 0.87752503125 0.56249789125 0.87274107 0.56249789125 0.8671597937500001 0.558525715 0.8595851862499999 0.5469702875 0.8528079087499999 0.51013731125 0.83686138 0.50363738 0.83327342 0.50002630625 0.83247609 0.4956930275 0.83247609 0.48766963500000005 0.83679260125 0.487387545 0.8420439987499999 0.49135973499999996 0.8512132649999999 0.50038742125 0.8623758325 0.52494273875 0.87433572875
2 0.54733139 0.95446703 0.5567201775 0.96044697875 0.5632201225 0.96802158625 0.57080337375 0.97320422 0.5816365975 0.9744001912500001 0.58524767125 0.97121090375 0.58849764375 0.96722427125 0.58741431 0.9584536625 0.57513665125 0.9429058062500001 0.55780351125 0.93014858 0.53830370375 0.9189860125 0.5307204525 0.9177900112499999 0.5246895475 0.9204619012499999 0.52205386875 0.9245672887499999 0.52169276625 0.9337365400000001 0.5292760175 0.94370312 0.54733139 0.95446703
2 0.32752919375 0.94052211875 0.32481761 0.9484142799999999 0.32333857625 0.9544014350000001 0.32506413125 0.9593000125000001 0.32950123249999996 0.9633821625 0.335170885 0.9652871575 0.3403475125 0.9620214462500001 0.35168679750000004 0.9508635637499999 0.37387236125 0.91630136875 0.37781645750000004 0.9065042025 0.37830948124999997 0.9021499125 0.37830948124999997 0.89942848 0.37327502125 0.8959049962500001 0.36918873875 0.89480204125 0.355877415 0.90323848 0.34453811125 0.9157570800000001 0.32752919375 0.94052211875