2 0.5077822525 0.45133976375 0.53089895875 0.46625790375000004 0.5523445825000001 0.47591082125 0.5629280975000001 0.47708087624999995 0.5718405925 0.4747407775 0.5740686749999999 0.46976805874999994 0.57239761375 0.46216271999999997 0.55986446375 0.44987720000000003 0.534241145 0.43261893874999996 0.51669470625 0.419455865 0.50833927375 0.41682325249999996 0.50304751625 0.41594571 0.4969556575 0.41811659375 0.49274246875000005 0.42325852875000003 0.49162840750000003 0.42823124749999997 0.49524910375 0.43846919375 0.5077822525 0.45133976375
2 0.6050179875 0.39193652625 0.61058827625 0.3893039075 0.61560152375 0.38403868125 0.6242354875 0.37350822625 0.6378826775 0.35244730124999996 0.647909215 0.3395767425 0.6515298887500001 0.33050884625000004 0.6515298887500001 0.32787623250000003 0.6501373175 0.32114844 0.6459596012500001 0.31851583125 0.6370471475 0.31880834 0.6278561625 0.32144095875 0.6175511375 0.33021633875 0.60278986375 0.35127725249999997 0.596384045 0.362100225 0.589978205 0.3778959175 0.590256715 0.38637878000000003 0.59445256375 0.38815193625 0.5988906575 0.3916440075 0.60111878125 0.392229035 0.6050179875 0.39193652625
2 0.728126655 0.40977979875000003 0.7270125925 0.41563005375 0.73063328875 0.42440543625 0.7392672324999999 0.43493590125 0.7648905512499999 0.45599680875 0.78633619625 0.47325507625 0.79664122125 0.47267003750000003 0.8030470624999999 0.4656497275 0.8024899999999999 0.45541179249999997 0.8002619175 0.4495615375 0.7880072575 0.43347333749999994 0.7668401862499999 0.4182626725 0.76349798 0.41533754625 0.7584847324999999 0.40919477125 0.746787135 0.40334451625 0.73982427375 0.40246698125 0.73313992375 0.4050996 0.728126655 0.40977979875000003
2 0.8759020475 0.6276839012500001 0.8845359912499999 0.64172452125 0.89177736125 0.64143199 0.8998543050000001 0.6387993937499999 0.90152536625 0.63558173625 0.90096834625 0.62388122625 0.8998543050000001 0.61247325875 0.89316993375 0.5922898525 0.88314341875 0.5729840174999999 0.8764590674999999 0.56099099875 0.87005324875 0.55397068875 0.8664325525 0.5522156175 0.86225483625 0.55133807 0.85421218125 0.55368839625 0.85055723875 0.55865088875 0.8513927687499999 0.56801129875 0.8630903875 0.5981401075 0.8759020475 0.6276839012500001
2 0.8862070725 0.7523310025000001 0.887042625 0.77163685 0.8903847899999999 0.7856774812499999 0.8962335887499999 0.7883100787499999 0.9034749587500001 0.787140045 0.9079312075 0.7836298687500001 0.91043782 0.7774871050000001 0.9165651712499999 0.7581812575 0.9251990925 0.71313430375 0.9232495000000001 0.70231133 0.9207428874999999 0.6961685725 0.91572962 0.695291025 0.9059816150000001 0.70084876625 0.894005485 0.7236647575 0.8862070725 0.7523310025000001
2 0.713784 0.772356345 0.6956805625 0.77966916375 0.6889962337500001 0.7863969774999999 0.6856540475 0.79458730875 0.6945665225000001 0.8030701825 0.703757485 0.8042402275 0.716012125 0.80336269125 0.7324444800000001 0.798975 0.7469272225 0.7928322375000001 0.75834631 0.78815202625 0.7664232325 0.78200928625 0.7722720525 0.7764515175 0.77394311375 0.7732338812499999 0.773664625 0.7700162462500001 0.7733860925 0.76709111875 0.77203621625 0.7616138825000001 0.7647521500000001 0.7568531725 0.7519404900000001 0.7568531725 0.7352296250000001 0.76387347125 0.713784 0.772356345
2 0.516924735 0.86650441375 0.49408653999999996 0.85480390375 0.48099637 0.84924618 0.4726409375 0.84866113 0.46707064875 0.849831185 0.46261441124999997 0.85392635625 0.46150036 0.8580215625 0.46344996250000003 0.86562686625 0.47096984375 0.8749872762500001 0.48823774125 0.8861027575 0.5130255287500001 0.90102091375 0.523052045 0.9045310575000001 0.5308504575 0.9042385500000001 0.53697776625 0.9042385500000001 0.5414339925 0.9024834774999999 0.54257028125 0.8990127975 0.54477617875 0.89253804 0.54310509625 0.886687785 0.53530668375 0.87791240375 0.516924735 0.86650441375
2 0.44114784749999997 0.6569714075 0.432235395 0.6654543037499999 0.4308428225 0.67071950875 0.43000727 0.675984735 0.43195688375 0.6815424937500001 0.43613460125000003 0.6865152012500001 0.44504705375 0.68593018375 0.458415755 0.6821275099999999 0.4728984975 0.67101202875 0.48682421875000004 0.6607740825 0.497686285 0.6508286674999999 0.50659873875 0.63825059875 0.5079913112500001 0.6326928525000001 0.5077128 0.62859768125 0.5077128 0.62450249875 0.50687727 0.62274742625 0.5028751125 0.62056074 0.4993573675 0.6186522437499999 0.491280445 0.62040731625 0.46593563625 0.63795808 0.44114784749999997 0.6569714075
2 0.11308680374999999 0.81871634125 0.13368855125 0.82652525375 0.1598667075 0.83449686875 0.18403115499999997 0.83856401125 0.19084677125 0.83693715375 0.19471928 0.8323819425000001 0.1964231925 0.8245730299999999 0.19270557124999999 0.81692680125 0.18604486375 0.80993131625 0.17086462749999998 0.80309851625 0.1405041675 0.79528960375 0.129661145 0.7946388575000001 0.12021222749999999 0.7965910875 0.10859470375000001 0.800170175 0.10868136125 0.80160239 0.1079751 0.80456268375 0.1076652925 0.8079790875 0.10874960250000001 0.81285965875 0.11308680374999999 0.81871634125
1 0.25702816500000003 0.42784216625 0.26961265875 0.44430924625 0.27394502374999996 0.4482093525 0.27889630375 0.445609285 0.28281606875000004 0.44430924625 0.28776735 0.44105916375 0.29148079875 0.43802575875000005 0.28838625 0.43217560874999994 0.2863232175 0.426325475 0.28487910125 0.41722522625 0.27518284000000004 0.39859142374999995 0.26713702625 0.38450773374999997 0.26301096125 0.3788742525 0.25166428375 0.36955735124999994 0.24671300250000003 0.3669572875 0.24320583875000001 0.3682573175 0.24134912249999999 0.37020737 0.23837302000000002 0.37169574625 0.23495370875 0.3747574825 0.23309699250000002 0.38060763625 0.235366325 0.3923079275 0.25702816500000003 0.42784216625
1 0.29380728375 0.60789415 0.30226571375 0.6055107762499999 0.31113675874999996 0.6011773162499999 0.32640320125 0.5899103625 0.33878139500000004 0.5786434087500001 0.34992177375 0.566076425 0.35301632125 0.5563261775 0.352191105 0.551126055 0.34847764124999997 0.54700927625 0.34270116 0.544842555 0.33114816625000004 0.54765929125 0.30164681375 0.57019319875 0.28741188624999997 0.5829768525 0.28019127375 0.59532716625 0.28101649 0.60074397125 0.2824779625 0.60177249 0.28679297125000003 0.6081108275 0.28906231875 0.6094108575 0.29380728375 0.60789415
1 0.11372692499999999 0.7051718787500001 0.10960086000000001 0.71687217 0.11063237625 0.72185562875 0.11372692499999999 0.72705578 0.11723408875 0.72878914 0.12136015374999999 0.72857247 0.13642028 0.7173055325 0.15271823875 0.6997550750000001 0.16757208124999998 0.67223770875 0.17066662999999999 0.655337285 0.16695316500000001 0.64667039875 0.16365231624999999 0.64602037625 0.159964235 0.6461637675 0.15705060375000002 0.643853655 0.14817957375000002 0.65208720375 0.127136635 0.682204625 0.11372692499999999 0.7051718787500001
1 0.58581309625 0.5513011612500001 0.56863319375 0.56971277125 0.559984805 0.5807597375 0.5569461837499999 0.5914384775 0.5581148850000001 0.59892586375 0.56314029375 0.6048175725 0.56828258 0.6056767875 0.5730742525 0.60408111 0.5817226424999999 0.599048605 0.603109875 0.5792868075 0.62017290875 0.5623481275000001 0.6276525875 0.5513011612500001 0.62905504375 0.54430475125 0.62730199125 0.53988596375 0.6248477125 0.5375538275 0.62215969625 0.53411699125 0.61947168 0.5317848550000001 0.6132775699999999 0.5325213200000001 0.6014736912499999 0.5368173625 0.58581309625 0.5513011612500001
1 0.69913609 0.5678668474999999 0.68522855375 0.57032172875 0.6667630737499999 0.5730221 0.65659537875 0.57744088375 0.6466614199999999 0.58541924875 0.64397340375 0.58873333875 0.64268783 0.5916791987500001 0.6444408862500001 0.5985528649999999 0.650050645 0.60567202375 0.65717972875 0.60714494875 0.66886674 0.606899465 0.6823068012500001 0.6034626275 0.6881503062500001 0.5999030475 0.69083831375 0.5981846375 0.70871944375 0.5938886 0.71690035 0.5927838925 0.73150911375 0.586401205 0.7371188825 0.5806322325 0.7377032325 0.57486326 0.73723574125 0.57167191625 0.73676826875 0.5687260574999999 0.7347814800000001 0.56762135875 0.73139223625 0.565043735 0.7233282062499999 0.5629570850000001 0.71280989625 0.5634480625 0.69913609 0.5678668474999999
1 0.6352856649999999 0.89194436125 0.64136291625 0.9193162875 0.6456871062499999 0.92582172625 0.6504787787499999 0.92839935 0.65468610875 0.92901307 0.6567897662500001 0.92889032875 0.6590103 0.9268036825 0.6608802199999999 0.923366845 0.6639188487500001 0.9141610400000001 0.66578876 0.9015184025 0.6638019725 0.8903486887500001 0.6622826575 0.870218665 0.66029586875 0.85487565875 0.655621065 0.8426012475 0.65094626 0.83744599625 0.64463527375 0.8346228825 0.6432328350000001 0.8341319075 0.64066169625 0.833763675 0.6364543662500001 0.8343773950000001 0.633415745 0.83744599625 0.63271452625 0.848124735 0.6352856649999999 0.89194436125
0 0.8182156362499999 0.91911056125 0.83017230125 0.9145441712500001 0.85144581 0.89693091625 0.8685267324999999 0.8768713837500001 0.8675950362499999 0.8749143549999999 0.86060738625 0.86839092875 0.8525327724999999 0.8617044199999999 0.8461662375 0.857953455 0.82489272875 0.8788284125 0.80175584 0.904595955 0.80097943375 0.912913315 0.8025927575 0.9178685387500001 0.80532731 0.91911056125 0.8110727074999999 0.9207414174999999 0.8182156362499999 0.91911056125