2 0.078022115 0.52414324625 0.088899365 0.55680804625 0.09382003 0.56651922125 0.09925865 0.5762303525 0.10029458249999999 0.57799602375 0.10625116 0.57740746625 0.11013589124999999 0.5741704075 0.11220775625 0.56857914375 0.11117182375000001 0.55268815875 0.10469727125 0.5220833125 0.09511494000000001 0.48882996125 0.09252511875 0.48529864125000005 0.08748633125 0.48497378500000005 0.0816478575 0.49059562125 0.0769861825 0.498246835 0.075173305 0.5085465450000001 0.078022115 0.52414324625
2 0.2896273025 0.47530725250000005 0.29014525875 0.49031539625 0.29636083375 0.50444072125 0.29972760875 0.5053235512500001 0.3062021625 0.503852165 0.31189976125 0.49855517374999997 0.31293569375 0.47648437250000003 0.31215873875 0.45058795 0.3124177175 0.43557979750000003 0.31086382875 0.4273400325 0.30879198375 0.4249858125 0.30442136375 0.42541818 0.298950655 0.429105695 0.29558388 0.434402695 0.29273508 0.4464680675 0.2896273025 0.47530725250000005
2 0.25472952125 0.92156141 0.25861425375 0.926269855 0.265347785 0.9271526849999999 0.27829689125 0.92597557125 0.30730288 0.91214454125 0.316367255 0.90272766125 0.31818014125 0.893605055 0.31895707625 0.8891908937499999 0.31843912 0.8871309599999999 0.31170558875 0.88448245875 0.30238221625 0.8847767325 0.27648400375000004 0.8933107825000001 0.252916635 0.9036104912499999 0.2456651475 0.9074360962500001 0.24322625750000001 0.9114213200000001 0.24255735 0.91538158875 0.24333430499999997 0.91773580625 0.24954987875 0.9192071925 0.25472952125 0.92156141
2 0.535894795 0.7748737712499999 0.52967922 0.7736966674999999 0.5252765325 0.7751680550000001 0.52165077875 0.7784051025 0.5213918000000001 0.78281926375 0.5242406 0.79105902875 0.5273483975 0.79782741875 0.534599885 0.80489007 0.54677205625 0.813129835 0.55998014 0.8207810550000001 0.5680085825 0.8222524425000001 0.5755190675 0.822546715 0.58121666625 0.822546715 0.585619355 0.822546715 0.5879502175 0.822546715 0.5895040862500001 0.8210753275 0.59032230875 0.81657350625 0.58898613 0.809598515 0.58121666625 0.8016530224999999 0.55920318625 0.78752770875 0.535894795 0.7748737712499999
2 0.4618259125 0.6747465325 0.45327949500000003 0.67680649875 0.44835885 0.6794549775000001 0.44654596375 0.68122066 0.4460280075 0.68798901625 0.4556103375 0.69770016875 0.46959537625000003 0.702408615 0.4900549675 0.7065284912500001 0.51025556125 0.7059399462499999 0.52087384375 0.70211433 0.52398162125 0.69976011375 0.52475857625 0.69858301 0.52501755375 0.69711162375 0.5232990975 0.6923155175 0.52294568875 0.6882833012499999 0.5149172475 0.681809195 0.48927801375 0.67621792 0.4618259125 0.6747465325
2 0.41520913125 0.56812937875 0.42271961625000004 0.5896116275 0.4281582375 0.5963800175 0.4377405675 0.598734235 0.440848365 0.5966743125 0.44188429749999997 0.59049446875 0.43981243249999996 0.5716607100000001 0.43048907999999997 0.52957904125 0.4253094375 0.5186907737500001 0.4232375725 0.51633655125 0.42064775125 0.5154537324999999 0.4170980675 0.5165897225 0.4144321775 0.51604227875 0.4115833775 0.524870595 0.4102884675 0.53958446625 0.41520913125 0.56812937875
2 0.650634855 0.6593553787499999 0.6488219875 0.665829495 0.6488219875 0.6720093174999999 0.6511528112499999 0.6755406374999999 0.6550375425 0.67671775125 0.6620300525 0.6755406374999999 0.6716124225 0.66965508875 0.67834593375 0.6567068775 0.6871513487500001 0.6340475250000001 0.69258995 0.61550803875 0.69414385875 0.60432549875 0.6920719937500001 0.59432007375 0.6910360812499999 0.591083015 0.68680983125 0.5897475325 0.68171270875 0.590788765 0.6752381562499999 0.59608573375 0.6612531375 0.62933909125 0.650634855 0.6593553787499999
2 0.56698362125 0.50684851875 0.5605090687500001 0.51538256875 0.5599911125 0.51891388875 0.5612860225 0.5236223225 0.56387584375 0.5268593925 0.5703503975 0.52950787125 0.57734290625 0.52980216625 0.58666625875 0.525388005 0.599615365 0.51302834 0.61696717875 0.4956659675 0.62421866625 0.4809521075 0.62629053125 0.47653794625 0.62784442 0.47359517250000005 0.6249671575 0.46990107000000003 0.6205929325 0.46682678250000004 0.6130824475 0.46712106625 0.58796117 0.48683765625 0.56698362125 0.50684851875
2 0.35589931125 0.3870846325 0.36496368500000004 0.3991500025 0.38516428875000003 0.416512375 0.39992627124999997 0.4262235275 0.41132148874999996 0.42740064125000005 0.41339335374999997 0.425929255 0.41468826375 0.42298648 0.41650113125 0.418278035 0.41805501999999994 0.4162181025 0.41753706375 0.41150965624999997 0.411839445 0.40297561875 0.40122118125 0.39179306750000004 0.389825975 0.381199085 0.37506399125 0.37178220500000003 0.3659996175 0.36825087875 0.36340979625000003 0.367073765 0.36056098625 0.36648521375000004 0.35655052750000005 0.3677007125 0.3543454225 0.37119365375 0.35382745625 0.37619636624999997 0.3535684775 0.381199085 0.35589931125 0.3870846325
2 0.53435299875 0.42909822875000003 0.5467841475 0.450286195 0.55351767875 0.45764313 0.5633589875 0.4632344275 0.570850665 0.4556845175 0.57009253875 0.45090243125 0.56698474125 0.4394256075 0.56361798625 0.428803945 0.54911497125 0.39407921125 0.5454892375 0.38789938999999996 0.54264041875 0.38466233125000004 0.5394882787499999 0.3846115625 0.53564790875 0.38701654875 0.53228113375 0.39319638124999995 0.5302092887500001 0.4070274225 0.53435299875 0.42909822875000003
2 0.6476490237500001 0.41628620125 0.67322465875 0.42909814249999995 0.68064983875 0.42909814249999995 0.6842249375 0.42691073625000003 0.6847749425 0.42284841874999995 0.6867000249999999 0.42066101250000004 0.6875250125 0.41878608874999995 0.685874995 0.4134738325 0.67624973125 0.40253681625 0.6591993087500001 0.38972487375 0.6377487575 0.38003780625 0.6275735075 0.3787878575 0.6220733687500001 0.37941283249999996 0.617948265 0.381287745 0.6148155925 0.38498740124999997 0.61299813125 0.3887874175 0.615198195 0.39409968624999997 0.62372340625 0.40222432249999995 0.6476490237500001 0.41628620125
2 0.722175905 0.49972003 0.72850107375 0.51003206 0.7334512075 0.5131569225 0.7373012875 0.51346940375 0.7395013525 0.50565724875 0.7400513575 0.49659516875000004 0.7362012775 0.48097085874999995 0.726851015 0.4597217875 0.71200065625 0.438160235 0.7078755525 0.4350353725 0.7035206725 0.43690721875 0.7004503725 0.44253504624999995 0.700725355 0.45034720125 0.7089755637499999 0.47159628499999995 0.722175905 0.49972003
2 0.49245939875 0.2151099325 0.5018096400000001 0.213234995 0.5174850275 0.204172915 0.53921058125 0.19073598749999998 0.5532359325 0.17979897 0.55901107375 0.17261179 0.5598361037499999 0.1672995225 0.55653602875 0.16448714125 0.5518608975 0.1601123425 0.54498572375 0.15979984875 0.5309603725 0.16511211625000002 0.4974095325 0.19011101249999998 0.48503421875 0.203235435 0.48475919625 0.20604780375 0.4872590625 0.2073669725 0.48915932375 0.211672565 0.48943432625 0.21385995875 0.49245939875 0.2151099325
2 0.67330393625 0.3024805825 0.66862882625 0.30623041875 0.6672537912500001 0.31060523 0.6669787675000001 0.31498003 0.6683538025 0.31872986625 0.6711038725 0.32279219750000004 0.6788040750000001 0.3252920725 0.7010796349999999 0.32716700875 0.7252802549999999 0.3256045775 0.73958060875 0.32279219750000004 0.7437057125 0.31997981625 0.7453557712500001 0.3146675725 0.7464557825 0.3102927375 0.74673080625 0.30810534375 0.7404056375 0.30341805 0.7330890325 0.299885745 0.7252802549999999 0.2968558325 0.70190466375 0.295605895 0.68677928125 0.29623085875 0.67330393625 0.3024805825
2 0.8738165875 0.59887330625 0.8765666575000001 0.59981075 0.8804167587499999 0.5985608 0.88536687125 0.59699836875 0.8980171875 0.58793628875 0.9114925325000001 0.5732494225 0.92001774375 0.56512478625 0.9268929174999999 0.55793760625 0.93294308375 0.54950047625 0.9337681125 0.5426258025 0.93074301875 0.53856346 0.92579290625 0.535126105 0.92111777625 0.5341886487499999 0.91341759375 0.53575108 0.9054423875000001 0.54012589125 0.890317005 0.5560626825 0.876291655 0.570437055 0.8754666249999999 0.5773117412500001 0.8747421074999999 0.58759180375 0.87216655 0.59231107625 0.87216655 0.59574844375 0.8738165875 0.59887330625
0 0.129640375 0.60981087375 0.11976252999999999 0.6144717075 0.1044435 0.62322265 0.0974955275 0.62788348125 0.0957376075 0.62931026625 0.09456565875 0.631402885 0.0939796875 0.6343515725000001 0.093895975 0.63796609375 0.09515163375 0.6424366862499999 0.09632358249999999 0.6459560974999999 0.09900232 0.64995108875 0.10218331875 0.65166323375 0.10611771125000001 0.65175835 0.10929871375 0.6506169187499999 0.12051592625 0.6445293125 0.13407702875 0.6348271675 0.14713587 0.62255682 0.14889379625 0.62008372375 0.149061215 0.61808622625 0.14780555625 0.616374085 0.147219585 0.6141863475 0.14562908375 0.6137107525 0.14470827 0.61294979875 0.14444656 0.612034275 0.14311776874999999 0.609620635 0.14052274374999998 0.60857432625 0.1363372175 0.6083840875 0.129640375 0.60981087375
0 0.79448051625 0.47185077 0.79135172375 0.47318396999999995 0.7890051212500001 0.47329507374999996 0.787636275 0.47862787625000003 0.7864629762500001 0.48896018374999994 0.786267425 0.50273659875 0.78734295125 0.5086249025 0.79017842 0.51229121375 0.79096061875 0.51373550625 0.7939916425 0.51306890625 0.79584936625 0.5131800049999999 0.79751153625 0.51529090875 0.8000536825000001 0.5141799075 0.8039646775 0.50895821125 0.80953785 0.4964038925 0.8112977925 0.48440508250000003 0.81227554125 0.4770724725 0.8124710962499999 0.47496157625 0.811574035 0.47253199875 0.80944007625 0.4719618675 0.80240028 0.4721840725 0.7989781600000001 0.4719618675 0.79448051625 0.47185077
0 0.88864499875 0.49673719125 0.8994002274999999 0.51018030125 0.90898216875 0.520179315 0.91181764875 0.52106811 0.91455533375 0.5182906075 0.91690194 0.51884610875 0.9188574375 0.51806841125 0.9205196075000001 0.515513105 0.920812935 0.51384660375 0.92061738875 0.5124023037500001 0.9244306025 0.51095800375 0.92785272375 0.50829160375 0.92951489375 0.5052919 0.92971044 0.502625495 0.92971044 0.5007367925 0.9287326912499999 0.5000702025 0.92462615 0.498292595 0.9213018099999999 0.49562618999999997 0.9123065237500001 0.48751588375 0.9051689537500001 0.48184977625000003 0.89734696375 0.4802943775 0.89108937 0.48151647625000005 0.8880961075 0.4828026225 0.88639617375 0.48429397875 0.8857117525 0.48796028125 0.8860050725 0.49207098625 0.88864499875 0.49673719125