2 0.12947811625 0.367322785 0.1321089725 0.36839024625 0.13494221625 0.36839024625 0.13716833125 0.36705595 0.13959683125 0.36492105625 0.140203945 0.360384465 0.14000157375 0.35397981625 0.13656121625 0.34383916124999997 0.12725198625 0.3307630575 0.107014555 0.31555207125 0.10033621125 0.314751495 0.09750296750000001 0.31341719875 0.09487210375 0.3128834775 0.09305073125 0.31501835 0.09143173875 0.3166195025 0.09164081125 0.32110688875 0.0906222375 0.325159005 0.09163411 0.3304961925 0.10681218375 0.34890949374999997 0.12947811625 0.367322785
2 0.24685520375 0.25660959625 0.2551525625 0.2744891775 0.26810450750000003 0.29316933375000004 0.27174725125 0.29450363 0.27619948 0.2958379275 0.27943748125 0.29530420625000003 0.28227070875 0.294236775 0.28328258 0.2926356125 0.28409209625 0.28970016375 0.28409209625 0.286764715 0.28247309625 0.28062694125 0.27862799625 0.2715537275 0.2658784075 0.2470026625 0.25616443499999997 0.2323253975 0.25191456125 0.2291230825 0.24968846249999999 0.23045738 0.24724296875000001 0.23176236500000003 0.24462910499999999 0.23312597375 0.24381958874999998 0.2357945675 0.24503384749999998 0.24780323875000002 0.24685520375 0.25660959625
2 0.1013479075 0.5148757175 0.10762150875 0.51567629375 0.12097821 0.51194026875 0.1408109 0.50366762125 0.14607262875 0.5004653175 0.14728687125 0.49913102000000004 0.14809637125 0.49512813 0.1482987425 0.49112523875 0.1450607575 0.48605490625000003 0.14222751375 0.48231887125 0.1312992975 0.4793834225 0.11612122375 0.48525433125 0.10195502125000001 0.49299324624999996 0.09831229375 0.49779672374999995 0.09709805749999999 0.49913102000000004 0.09467695125 0.5031296900000001 0.09386005624999999 0.50606938 0.0950743 0.50953853 0.09871703500000001 0.513274565 0.1013479075 0.5148757175
2 0.16408394625 0.4761811075 0.16631005999999998 0.47724854875 0.1705599175 0.47644797375000003 0.17663114749999997 0.4724450825 0.20617779375 0.44335740625 0.20941579624999998 0.43775336875 0.2098205375 0.43268303125 0.2090110375 0.42921386125 0.207796795 0.4268121225 0.20557068125 0.42521096999999997 0.20334456625000003 0.42360981375 0.19788045 0.42360981375 0.1936305925 0.42521096999999997 0.1835118775 0.43214931 0.16732193124999997 0.44922831 0.16367918750000002 0.45589979875 0.1628697025 0.45936896875 0.1628697025 0.46016954499999996 0.16425515125 0.46445817875 0.163274445 0.4684421925 0.162464945 0.4721782175 0.1628697025 0.47431309 0.16408394625 0.4761811075
2 0.20192793625 0.502333325 0.20759442374999998 0.52608383375 0.20941579624999998 0.53275531875 0.2112371525 0.53622446875 0.21447515374999998 0.53622446875 0.21710601000000002 0.53996050375 0.21852264000000002 0.54503083625 0.21953451125 0.54823314 0.22176062625 0.54716569875 0.22560574125 0.5423622425 0.2274271125 0.5396936474999999 0.22681998374999998 0.5276849662499999 0.2227724975 0.4972630025 0.21690363875 0.47778227 0.21366565375000002 0.4724450825 0.21184428125 0.47111078624999997 0.2096181675 0.46950962375000005 0.2060020725 0.47245918125 0.2027374375 0.4761811075 0.20111843624999998 0.47991714375 0.20071369375 0.4887235 0.20192793625 0.502333325
2 0.2766040775 0.53862620625 0.28024679124999996 0.53649132375 0.28915127875 0.52688439 0.30594835375 0.50473508375 0.31404332625 0.48925722125 0.314650425 0.48392003375000003 0.314650425 0.48045086374999996 0.31343619749999996 0.478049125 0.31060293875 0.47698168375 0.305341225 0.47671482875000004 0.299269995 0.4796502775 0.28834176375 0.49299324624999996 0.280044435 0.50340078625 0.276199305 0.5108728275 0.2749850775 0.5148757175 0.274580335 0.51567629375 0.272797145 0.5247990712499999 0.27033046125 0.52928612875 0.26992572 0.53275531875 0.27215181875 0.53702505375 0.2766040775 0.53862620625
2 0.46940727625 0.4193992625 0.47724092 0.42869605499999996 0.48546625374999997 0.43489394375 0.49232069 0.4377346075 0.49858759874999997 0.43928407999999997 0.5023085825 0.4369598775 0.503483625 0.428437835 0.501525215 0.42172346625 0.48683713500000003 0.4049375825 0.4758700375 0.39176711374999995 0.46764471125 0.38479451500000006 0.46353204499999995 0.38195383125 0.46176948 0.38143734 0.45766177375 0.38397368875 0.45648176999999995 0.39150887375000004 0.45706929125 0.39925620500000003 0.460790275 0.4085529975 0.46940727625 0.4193992625
2 0.50113353875 0.38014611875 0.5054420362500001 0.39693200124999994 0.5109255925 0.41113544124999996 0.51738833875 0.42198172624999997 0.5215009975 0.42740483375 0.524242775 0.43050376749999997 0.52874712625 0.42869605499999996 0.530313845 0.42456416875 0.530313845 0.41862453125000004 0.52933464 0.41061895 0.5248303049999999 0.3902176525 0.51170894375 0.35897008375 0.50916301875 0.35587115875 0.50700877125 0.3540634425 0.50344754 0.3526802525 0.49937096625000005 0.35638764 0.4981959225 0.36077779125 0.4991751275 0.370332835 0.50113353875 0.38014611875
2 0.5914162675 0.32462358125 0.57731570125 0.33185442625 0.568894545 0.33701931375 0.5655652375 0.34218420125000004 0.5639985175000001 0.34631611125 0.56243178375 0.34993153125 0.5620401075 0.35328871624999997 0.56184426875 0.355612905 0.562823475 0.35871183875 0.56732781 0.36026130625 0.58260341875 0.355612905 0.5963122937499999 0.3504480175 0.60669187625 0.34476664375 0.610412845 0.34166772 0.6141338425 0.338310535 0.6147213425 0.33572809124999997 0.61436172 0.33106519874999996 0.61354631375 0.32668954125 0.61002116875 0.3241070975 0.6000332625 0.32307411625 0.5914162675 0.32462358125
2 0.53325146125 0.457672235 0.532859785 0.47652408125 0.533447315 0.48814507749999997 0.5371682825 0.49770011125 0.54186847125 0.50415622 0.54461025 0.5062221825000001 0.547547865 0.5057056825 0.5493104375 0.50131553625 0.55107301 0.49460118625 0.55322725875 0.46283712250000003 0.5534230975 0.44398528625 0.55263973 0.4370126875 0.55107301 0.435204975 0.5504854812500001 0.4336555125 0.54727455625 0.43204298874999997 0.54343520625 0.43288077125 0.53755997375 0.43959513 0.5342306662499999 0.4481172125 0.53325146125 0.457672235
2 0.56321515 0.43597970625000004 0.56693613375 0.4445017675 0.57907827375 0.464386585 0.58749944625 0.471875675 0.5923954725 0.47265042625 0.595724765 0.47265042625 0.598270705 0.47058445374999996 0.5996415862500001 0.46774375999999995 0.59905405625 0.46128765125 0.59670397 0.45431506125 0.589653695 0.43959513 0.5802533175 0.42590818124999996 0.5732030425 0.41635313875 0.57124463125 0.41377069499999997 0.5690903825 0.41144649125 0.56791533875 0.41093000125 0.56416876875 0.41204099749999995 0.56262762125 0.4153201575 0.5630193125 0.42461696000000004 0.562823475 0.43210603999999997 0.56321515 0.43597970625000004
2 0.6847476462500001 0.39673658250000005 0.6853351762500001 0.41481368625000004 0.68807696875 0.42307750875000005 0.6937563475 0.435215015 0.69688981625 0.43805567875 0.700023255 0.4367644575 0.70198166625 0.43418201375000004 0.70394007625 0.427725905 0.70452760625 0.41094002125 0.7033525475000001 0.38795628 0.70217751875 0.3789177275 0.6998274325 0.37117039124999995 0.6982606975 0.36781322625 0.6972814925 0.366522005 0.694180755 0.364616925 0.69101458375 0.36678024 0.68690191 0.3722033725 0.6849434987499999 0.38020894875000005 0.6847476462500001 0.39673658250000005
2 0.7556068312499999 0.35527564624999997 0.7708824400000001 0.36276473625 0.78498299125 0.36741313249999996 0.79183742875 0.3689626 0.7971251312500001 0.368704355 0.79947524875 0.3666384025 0.79967107125 0.36095702375 0.79771266125 0.35320969124999996 0.7928166337499999 0.3452041175 0.7777368775 0.33668205749999996 0.76892403 0.33358312125 0.75462762625 0.33283402125 0.74953576125 0.3336087625 0.7473815125000001 0.33335051125 0.7478015175 0.3384852925 0.7471856750000001 0.34287991875 0.7475773512499999 0.34623709374999995 0.7501232899999999 0.3506272475 0.7556068312499999 0.35527564624999997
2 0.7137002262500001 0.46961584500000003 0.6995996762500001 0.46393448625 0.6843240675 0.46031904124999995 0.6700276775 0.46006082125 0.6645441225000001 0.4644509575 0.6619981975 0.46754989125 0.6623898737499999 0.47090706625 0.66415244625 0.47633019375 0.66983184 0.48304454375 0.67727379125 0.48717646875 0.68765337375 0.4895006525 0.70214561625 0.4897589125 0.70567074625 0.4897589125 0.7103709349999999 0.4864017275 0.71523731 0.48301580125 0.7174212099999999 0.4804621 0.7180087387499999 0.47658843375 0.7172253725000001 0.47348951 0.7137002262500001 0.46961584500000003
2 0.74895161875 0.4324286525 0.74523065 0.4394012525 0.7381803600000001 0.4613520425 0.737201155 0.46729164124999995 0.7364178025 0.47658843375 0.73583027375 0.48304454375 0.7383762125 0.49001715249999994 0.7430763862499999 0.49544027999999996 0.745818165 0.49621502125 0.747776575 0.49544027999999996 0.7501266775000001 0.4933743175 0.75286844 0.48769295 0.75835199625 0.4678081525 0.76461890375 0.43836827125 0.76559811 0.4321704125 0.76559811 0.42907147875 0.76559811 0.42674727500000004 0.76224729375 0.42365505625 0.7601145687499999 0.42158238750000004 0.75600190875 0.42390659124999996 0.7524767637499999 0.43010446 0.74895161875 0.4324286525
2 0.788235115 0.51199993125 0.7807931475 0.51561533625 0.7753096075000001 0.51845604 0.7713927862500001 0.52232970625 0.76963021375 0.5262033712499999 0.76904268375 0.529302285 0.771001095 0.53265947 0.7747220775 0.5367913762500001 0.78059731 0.53885731875 0.7843182937500001 0.53937382 0.78803927625 0.53963206 0.79234777375 0.5378243575 0.8138902912499999 0.5287858049999999 0.8207447287499999 0.5249121487499999 0.82466155 0.52078022375 0.8279908575 0.51690655875 0.8289700625 0.514582375 0.8291659 0.5117416712499999 0.8275991662500001 0.5094174875 0.8256618025 0.5065665324999999 0.8238781825 0.50399434125 0.82015721375 0.5021866275 0.81016930875 0.50347785 0.788235115 0.51199993125
2 0.85795453125 0.45389493125 0.8608921475 0.4727467675 0.86382976375 0.48307654125 0.86657154125 0.48462601375 0.869704995 0.48488425375 0.87381767 0.48230181 0.8755802275000001 0.47894463625 0.8775386374999999 0.46474119625 0.87675528625 0.43814203375 0.8747968749999999 0.42290560875 0.87166340625 0.41412530125 0.86833411375 0.409735145 0.86520066 0.4076691925 0.8630463962499999 0.40689445625 0.8592053850000001 0.4084922575 0.85775869375 0.41076812124999995 0.85717116375 0.41593300874999994 0.8567794875 0.4296199625 0.85795453125 0.45389493125
2 0.939484255 0.478728405 0.939484255 0.48931641875 0.94046346 0.49112413125000004 0.9418343412500001 0.493964825 0.9443802812500001 0.4957725275 0.94633869125 0.49654726875 0.9490804850000001 0.4957725275 0.951626395 0.493190085 0.9553473925 0.486475735 0.9586766849999999 0.47795366875 0.9614184475 0.45548641250000005 0.96181015375 0.439733505 0.95965589 0.428370755 0.9576974800000001 0.42398059875 0.9528014525 0.42062342375 0.94881816625 0.42010631625 0.94516366375 0.42527182 0.9426177237500001 0.43740930499999997 0.94046346 0.4632337425 0.939484255 0.478728405
2 0.89071982625 0.55327199 0.8934616037499999 0.55998633875 0.89581170625 0.5623105425 0.8981617925000001 0.5623105425 0.90129524625 0.5594698575 0.9052120675 0.55404672 0.90717047875 0.54629939 0.90736631625 0.53984328125 0.90540790625 0.52021670875 0.89953267375 0.499815405 0.8971825875 0.49490877375 0.8946366475 0.49284281125 0.8918948837499999 0.49129334375 0.8871175625 0.49140373375 0.8844529175 0.49465051875 0.88308203625 0.50368907125 0.8854321237499999 0.52744755375 0.89071982625 0.55327199
2 0.87818601 0.60492088125 0.8834737125 0.61215170125 0.88660716625 0.61395942375 0.8885655775 0.6144759049999999 0.8905239875 0.6137011637500001 0.89326576625 0.6085362762500001 0.89424497125 0.60001421375 0.893853295 0.593299885 0.89150319375 0.5840030724999999 0.88425708 0.5659259675 0.8775984800000001 0.55482145125 0.86702306 0.54552465875 0.8650646487500001 0.5444916775 0.864477135 0.54500816875 0.8621435087499999 0.54818357625 0.86036446125 0.5517225275 0.8605603137500001 0.55998633875 0.8662396925 0.57987115625 0.87818601 0.60492088125
2 0.7898616837500001 0.57264031625 0.79887037 0.5881349975 0.8143418099999999 0.60879453625 0.81943369 0.61421766375 0.8237421875 0.614734145 0.826483965 0.6134429225 0.8272673325 0.60543735125 0.82746317 0.59820651125 0.8247213925 0.59045918125 0.81923783625 0.5772887125 0.8092499449999999 0.56566771625 0.80552897 0.56050283 0.80161214875 0.5579203862500001 0.7961285925 0.55611267375 0.79319097625 0.55378848 0.7918200950000001 0.55327199 0.790404315 0.5565715075 0.78790327375 0.5589533675 0.7877074275 0.56179405125 0.7873157449999999 0.5664424475 0.7898616837500001 0.57264031625
2 0.84156372125 0.6621948412499999 0.83745106125 0.6702004125000001 0.8358843275 0.67588181 0.83529681375 0.6805301862500001 0.8364718562500001 0.68543683375 0.8443054987499999 0.68750280625 0.853314185 0.6833708812499999 0.8619311949999999 0.67510705875 0.87270245375 0.6585794162499999 0.877206805 0.6472166712499999 0.8793610525 0.64050231125 0.87955689125 0.6368868962500001 0.8793610525 0.6343044525 0.87818601 0.63198025 0.873896005 0.629159375 0.8707440425 0.628364825 0.86565217875 0.6314637587499999 0.855860125 0.643084755 0.84156372125 0.6621948412499999
2 0.7512625362500001 0.75071792625 0.7616421187500001 0.7654378574999999 0.7726092149999999 0.7773170937499999 0.7827929450000001 0.78325671125 0.78670976625 0.7840314525 0.78847233875 0.78144900875 0.78847233875 0.77783360375 0.7892557062500001 0.7749929 0.7898432200000001 0.7726687162499999 0.78945154375 0.7687950512499999 0.787297295 0.76363016375 0.7810303725 0.75226738875 0.76673398375 0.73444853375 0.75987954625 0.7261847124999999 0.75674609125 0.7233440287499999 0.75459182875 0.7223110475 0.7520459037499999 0.72179455625 0.74853604875 0.72207184625 0.747345715 0.7256682225 0.74597483375 0.73083310875 0.746758185 0.7383222 0.7512625362500001 0.75071792625
2 0.7420580112499999 0.8648172275 0.77045496625 0.86765791125 0.77809275625 0.86533371875 0.7798553287500001 0.862493025 0.78005116625 0.85887761 0.7796594899999999 0.85474569375 0.77730940375 0.85061378875 0.77456762625 0.84596539125 0.7696715987499999 0.8426082075 0.76242547125 0.8395092825 0.7491082874999999 0.8371850987499999 0.7389245425 0.8371850987499999 0.732657635 0.83795981125 0.7242364625000001 0.84389942875 0.7205154949999999 0.8454489012499999 0.72013418375 0.85111694375 0.7201238037500001 0.85448745375 0.7258031975 0.85913587 0.7318742675 0.862493025 0.7420580112499999 0.8648172275
2 0.6152771375 0.65533556 0.6188022825 0.6625664 0.6233066325 0.669539 0.63975727 0.6860666424999999 0.6491576474999999 0.69097328 0.65640376125 0.6899403087500001 0.65992890625 0.68839083625 0.6612997875000001 0.6855501525 0.6593413775000001 0.6788358025 0.6546412037499999 0.67031373125 0.64347825375 0.65636854125 0.630748585 0.64293983375 0.6238941475 0.63803319125 0.6207606925 0.6364837237500001 0.61841060625 0.6364837237500001 0.616452195 0.63700021 0.61313750125 0.64109604625 0.61155616875 0.6421650975 0.61096864 0.64500578625 0.61214368375 0.6475882300000001 0.6152771375 0.65533556
2 0.5823758475 0.79382315375 0.5849217725 0.795114375 0.5884469175 0.79382315375 0.59569303125 0.7894329975 0.6086185525 0.7762625387500001 0.62115236875 0.7610261187499999 0.624677515 0.7527622975 0.6244816762500001 0.7494051225 0.62428583875 0.74630618875 0.6238941475 0.7455314574999999 0.6229149425 0.74475672125 0.6209565312499999 0.743723745 0.61841060625 0.7424325225 0.61410209375 0.74191603625 0.6076393474999999 0.74475672125 0.5909928575 0.7599931375 0.58374672875 0.77032291125 0.5806132749999999 0.7778120012499999 0.57943823125 0.78349338 0.57943823125 0.787367045 0.580025745 0.79149895125 0.5806132749999999 0.7917572012499999 0.5823758475 0.79382315375
2 0.6144937850000001 0.9137233175 0.6274192925 0.92172889875 0.63427373 0.9248278237499999 0.6391697562499999 0.9248278237499999 0.64249904875 0.92353660125 0.6456325024999999 0.91992117625 0.64700339875 0.91759698375 0.64602419375 0.9134650675 0.6440657824999999 0.9080419399999999 0.635252935 0.8977121662499999 0.6209565312499999 0.8871241412499999 0.6086185525 0.87937681 0.60195995375 0.8773108575 0.59628056 0.8770526175000001 0.59355000875 0.88111992875 0.59255957625 0.88583291875 0.59432214875 0.89254727875 0.60195995375 0.9018440712500001 0.6144937850000001 0.9137233175
2 0.4952131875 0.7974324025 0.5144056112500001 0.80724569625 0.52243510625 0.8085369175 0.52576439875 0.8069874462500001 0.5275269712499999 0.80182255875 0.5263519275 0.7982071437499999 0.51890996125 0.78555316625 0.5124472 0.7780640762500001 0.49442982874999997 0.76566834875 0.4871837075 0.76386063625 0.4830710475 0.7646353775 0.48032927000000003 0.7659265987499999 0.47817502125 0.76695957 0.4762698925 0.7701411450000001 0.47504156000000003 0.77444866 0.4758249275 0.7778058350000001 0.47915422625 0.7842619437499999 0.4952131875 0.7974324025
2 0.24177883625 0.8225900300000001 0.22023631875 0.8262054550000001 0.21220683875 0.8287878987499999 0.20946505999999998 0.8316285825 0.20554823875 0.83782645125 0.204373195 0.8437660687499999 0.204373195 0.847639735 0.20652744375 0.85177165 0.21122763249999998 0.8540958437499999 0.22415313999999997 0.85435409375 0.24961247875 0.84867271625 0.25862118 0.84428258 0.26077541375 0.840925385 0.26227653 0.83498630625 0.26234214875 0.8324033237499999 0.25862118 0.82852965875 0.24706653875 0.8231065212500001 0.24177883625 0.8225900300000001
2 0.16138835875000002 0.65694168625 0.16138835875000002 0.66933741375 0.162759255 0.68922223125 0.16452181249999998 0.7003267375 0.16765528124999998 0.7093652899999999 0.1715721025 0.71091476125 0.1741180275 0.7106565112500001 0.17705564375000002 0.7093652899999999 0.17862237875 0.706524605 0.180972465 0.69077170375 0.18214750875 0.6726945987499999 0.18136415625000002 0.6631395550000001 0.179014055 0.6533262762500001 0.17666396750000002 0.64557894625 0.17431386624999998 0.6429965025 0.16980953 0.6391228375 0.16703234375 0.638515145 0.16452181249999998 0.64015580375 0.16256340125000002 0.64377122375 0.16178004999999998 0.6476448887499999 0.16138835875000002 0.65694168625
2 0.1237868725 0.7217610262499999 0.1186950075 0.7274423950000001 0.11751996375 0.7333820225 0.11967421249999999 0.73828866 0.1249619225 0.7416458437500001 0.13142467625 0.7424205650000001 0.1402375325 0.73751394875 0.15218383375 0.72331050875 0.16001747625 0.71039829 0.16178004999999998 0.70368392125 0.16236756375 0.6974860525 0.16217172625 0.69283765625 0.16178004999999998 0.6902552125 0.16080084374999998 0.68818926 0.15674891000000002 0.6878748950000001 0.15355471625 0.68767277 0.1453293975 0.6954201000000001 0.1335789325 0.7088488087499999 0.1237868725 0.7217610262499999
2 0.04464829 0.71117531375 0.033877031249999995 0.7168567124999999 0.03054774 0.7199556262500001 0.0291768425 0.72279631 0.03113525375 0.72847770875 0.036227118749999995 0.73415906625 0.04131899875 0.7372579899999999 0.05287360875 0.7359667787499999 0.066974175 0.73209311375 0.07872463875 0.725895265 0.08420818000000001 0.7199556262500001 0.08694995750000001 0.71556549 0.087733325 0.7096258525 0.0849915475 0.704460965 0.079116315 0.7029114925000001 0.06814921874999999 0.7039444937499999 0.04464829 0.71117531375
2 0.42099115125 0.655465485 0.429378975 0.67205630375 0.43357289250000003 0.6775865812499999 0.43596941125 0.6787716362499999 0.43866550375 0.67738905875 0.441511375 0.67205630375 0.44270962875000003 0.666526025 0.44241006874999994 0.6588231587500001 0.4398637575 0.6459850275 0.43087680125 0.6258390275 0.42503528875 0.6151735075 0.42159028374999996 0.60984074375 0.41769593875 0.60589055 0.41440071375000004 0.6052980225 0.4138015925 0.6064830775 0.412004195 0.6106307787499999 0.40990723625000003 0.61181584125 0.4090085425 0.61556852125 0.41125528125000005 0.6272216125 0.42099115125 0.655465485
2 0.4582870225 0.580806815 0.46023420000000004 0.585942065 0.47775875999999995 0.61991373625 0.47970593875 0.62346891 0.48285137125 0.62702409125 0.48644615625 0.62860416625 0.48884267625 0.62860416625 0.491239195 0.6256415212499999 0.49258724125000003 0.62188883375 0.49363571375 0.617148605 0.49378549499999996 0.6120133475 0.49318637375 0.60569303625 0.49078984249999996 0.59937273125 0.48315093249999996 0.5857445575 0.47551202125 0.57330144375 0.47341506250000004 0.57053630875 0.4698202775 0.56935125 0.46802289125 0.56875873 0.46425655499999996 0.57001818625 0.461582235 0.57073382625 0.459335495 0.57270892375 0.45798746125 0.5776466662499999 0.4582870225 0.580806815
2 0.5017239775 0.617148605 0.50741570875 0.62504899375 0.5240415875 0.639072195 0.53003289125 0.6434173950000001 0.53557484375 0.64499747875 0.54261462125 0.6465775475 0.54561027375 0.64697257625 0.54755745125 0.6463800412499999 0.54800680375 0.6426273525 0.548605925 0.639072195 0.548306365 0.6359120275 0.5471081 0.63255436125 0.5393194087500001 0.62228387 0.513257245 0.59897771 0.508913535 0.596410085 0.50501920125 0.59562004375 0.50277245125 0.59562004375 0.50039785625 0.59691282 0.4991776775 0.5983851825 0.49857854500000004 0.60371793875 0.49902788625 0.60865568125 0.5017239775 0.617148605
0 0.286263685 0.1662786575 0.28827444125 0.17562193 0.29191295749999996 0.18862676374999998 0.294976965 0.1916570175 0.29842397625 0.193550925 0.30301999625 0.19443474375 0.3072330125 0.1945610025 0.31029702125 0.19443474375 0.3116375275 0.19405595875 0.31202053 0.19304588125 0.311254525 0.18433390625 0.30809476750000003 0.16905638499999998 0.30388175 0.1504960975 0.29986023125 0.137365005 0.29583872 0.1313045 0.29421096625 0.13105198125 0.29239170875 0.13079945874999999 0.2887531925 0.13269336625 0.28549767875 0.13774378625 0.28425292875 0.14923349249999998 0.286263685 0.1662786575
0 0.31924049125 0.63255678625 0.32546269 0.64204031625 0.34057373124999996 0.6597287025 0.34768481375 0.66654831125 0.34946258125 0.6675073175 0.35180600624999997 0.6659089699999999 0.3539878125 0.66260572 0.355038315 0.65983524875 0.35511912125 0.6568516674999999 0.35487670250000003 0.6535484175 0.35673527625 0.6493927125000001 0.356169625 0.6471550275 0.35002823875 0.6379911662500001 0.33879596375 0.6237125975 0.33136165 0.617958545 0.32732126375 0.616466755 0.3232808775 0.6162536412499999 0.31907887875 0.61785198875 0.31794757 0.6184913275 0.31657384 0.618597885 0.316331415 0.62136835375 0.31730111125 0.6270158475000001 0.31924049125 0.63255678625
0 0.72308903625 0.5969059437500001 0.7284008362500001 0.60094235875 0.7419954387500001 0.60747185 0.75387946625 0.6111521075 0.76342269625 0.613289035 0.77008495375 0.613763905 0.77395626125 0.6130515975 0.7765671462500001 0.611508265 0.7780976612499999 0.6100836475 0.778457785 0.6083028775 0.7772873925 0.6067595437500001 0.77278586875 0.6043851825000001 0.77017498375 0.601654665 0.76828434375 0.59251338 0.76828434375 0.58942670875 0.7675640975 0.5881208099999999 0.76378282 0.58634004 0.7464969625000001 0.5796918325 0.7396546475 0.57838593375 0.7347029700000001 0.57755490625 0.7284908649999999 0.57921696 0.7256999212499999 0.58099773 0.7238993125000001 0.5834908075 0.72164855 0.58717107125 0.72083827375 0.59061388875 0.7211083650000001 0.59358184 0.72308903625 0.5969059437500001