2 0.324739895 0.23693930500000002 0.3158754175 0.2583081675 0.3115960125 0.280488535 0.3115960125 0.29049672 0.31434706 0.30050491625 0.32412853875000003 0.3091606725 0.32687958625 0.30997213625000003 0.33421570625 0.30537378125 0.33941211125000004 0.298070505 0.3531673275 0.25614425375 0.3553070425 0.24180815875 0.3553070425 0.23396388625 0.35469568500000004 0.22963601874999998 0.35347299499999996 0.22530814 0.34860215625 0.222076535 0.3458312075 0.21935732375 0.34124613625 0.21908682625 0.33238168125 0.2263901125 0.324739895 0.23693930500000002
2 0.38893090375 0.33025903749999996 0.39473864249999996 0.32728362875 0.40268612 0.322414785 0.4353929575 0.28914426 0.44242341 0.2742672 0.44150638625 0.26479998 0.43722698125000004 0.26047210125 0.43203057625 0.2583081675 0.42438878875 0.261283585 0.41399595499999997 0.27075080625 0.39290461875 0.29211966875 0.37609268749999997 0.3167344375 0.3739529975 0.3248491975 0.37456432999999995 0.3275541175 0.37688165625000003 0.329870835 0.38098342625000003 0.3329639575 0.38465149875000004 0.33242298124999997 0.38893090375 0.33025903749999996
2 0.45495593624999997 0.2304474925 0.46687712750000004 0.250463905 0.476658605 0.26182456125000003 0.48888546374999997 0.26615244 0.497444275 0.26561147375 0.50141799 0.26290655375 0.50355768125 0.259931125 0.504474705 0.25668522 0.5029463475 0.24857045875 0.49408187 0.22990650625 0.47574158125 0.20475075125 0.46504308 0.19474254500000002 0.4613750325 0.1917671325 0.4583183175 0.1917671325 0.4525484275 0.19369182875 0.44761981624999997 0.19393107125 0.4439517675 0.1971769725 0.44761981624999997 0.2155704325 0.45495593624999997 0.2304474925
2 0.5576615675 0.23775077875 0.57080540375 0.23342290125 0.59189676375 0.21881633874999998 0.60748598 0.2012343575 0.6102370512499999 0.19068516500000002 0.61145971875 0.18419336875 0.6105426949999999 0.17932450374999997 0.6096257175 0.177160565 0.6065690025 0.174455645 0.6032065987499999 0.17310318500000002 0.5955648112499999 0.17418515750000002 0.59128543 0.1782425375 0.58242092875 0.18473434375 0.55582752 0.2128655125 0.5436006612500001 0.227472085 0.5436006612500001 0.2331524125 0.5473229687500001 0.2362688875 0.54971409125 0.2399147125 0.5518537825 0.2399147125 0.5576615675 0.23775077875
2 0.497138585 0.31348854125 0.48552308250000004 0.32944757375 0.4843003925 0.34216069 0.48521741625 0.3513574225 0.48919113125 0.35298037 0.49958398875 0.34838201375 0.5280113987499999 0.32430822125 0.54696306625 0.30591475625000003 0.5524651162499999 0.29888196875 0.55582752 0.29428361249999996 0.5530553 0.28999708125 0.54849142375 0.28833277625000003 0.5408496375 0.28914426 0.52403770625 0.29644753625 0.497138585 0.31348854125
2 0.6209355525 0.17190736375000001 0.633773745 0.17731720374999999 0.640192865 0.17839917624999999 0.6466119374999999 0.17731720374999999 0.6502799862499999 0.1681204825 0.64936300875 0.1618991725 0.64600060375 0.155407355 0.62857734 0.143235215 0.60167824125 0.12916962875 0.5897570725 0.125653235 0.582115285 0.1272761875 0.5698884262499999 0.12646470875000002 0.566812895 0.12712293375 0.564691975 0.132415535 0.56927704625 0.1402598125 0.58731169125 0.15459587624999999 0.6209355525 0.17190736375000001
2 0.7610626825 0.17731720374999999 0.7476131325 0.1897598425 0.74455641875 0.19571066874999998 0.7433337274999999 0.20112050875 0.7442507512500001 0.20517788875 0.7482244662499999 0.2081532975 0.75342089625 0.21031723125 0.7589229675 0.209776245 0.7662590874999999 0.20869428375 0.7809313274999999 0.20085001125000002 0.80324533125 0.18083360875 0.80935878375 0.17325982374999999 0.8111927849999999 0.16433359 0.8133325225 0.15594833624999999 0.81424949875 0.1524319525 0.81455518875 0.14918603625 0.8121566674999999 0.14537024499999998 0.8066077125 0.14404668875 0.80110564 0.14539914874999998 0.7839880425 0.15594833624999999 0.7610626825 0.17731720374999999
2 0.7165804712499999 0.24193008124999998 0.7364491162500001 0.26302845625 0.7431739025 0.26735633375 0.7471476174999999 0.26870879375 0.7520383562499999 0.26897928249999997 0.756012095 0.2662743625 0.75815178625 0.26140550749999997 0.7605971675000001 0.25437271 0.75906881 0.24436451375 0.75081568875 0.22975794125000001 0.72758463875 0.20460218624999998 0.718414495 0.19811037375 0.71230106625 0.1956759575 0.7077159937499999 0.19378250625 0.70527063625 0.1935120125 0.7001851325 0.19639513375 0.6961004912500001 0.20162677375000002 0.695794825 0.208930055 0.69885154 0.21677432124999998 0.7165804712499999 0.24193008124999998
2 0.77251835875 0.36183717125000003 0.7893302900000001 0.37914868375 0.8046138625 0.39700113125000003 0.8119499600000001 0.403492955 0.8186747699999999 0.40727982625000003 0.825705175 0.40755033500000004 0.83120727125 0.40457490625 0.8354867 0.400788045 0.83609803375 0.396730665 0.83304131875 0.38834539625 0.8272335325 0.3759027575 0.8040025300000001 0.349124055 0.79146998 0.34127978249999996 0.7856622412500001 0.3385748625 0.78077147875 0.33776338875 0.7743232812499999 0.337304925 0.7682389775 0.34182076875 0.7660992387500001 0.34533716249999996 0.76579359625 0.3507470025 0.77251835875 0.36183717125000003
2 0.7462306175000001 0.4623370775 0.7141351125 0.46720593125 0.7037422787500001 0.47207480500000004 0.7016025637500001 0.4772141375 0.7043536125 0.48046003249999997 0.70588197 0.48614037125000004 0.71352375625 0.48965678625000003 0.726973305 0.49236170625 0.756012095 0.49236170625 0.78321686 0.4893862775 0.79055295625 0.48830432625 0.79574940875 0.48559940625000003 0.7991117674999999 0.48235347875 0.800640125 0.4791075725 0.7988061237499999 0.47423871875 0.79850043375 0.47099281249999997 0.7920813137499999 0.46612395874999996 0.77496374 0.46098461625 0.7462306175000001 0.4623370775
2 0.64321931875 0.450435425 0.65483484375 0.47613218625000003 0.6627822975 0.48289448625 0.67195244125 0.48722233375 0.68020556125 0.48614037125000004 0.6826509425 0.48370593874999995 0.68295660875 0.47694363875 0.6838736325000001 0.46909937749999997 0.6771488462499999 0.44691903000000005 0.67042408375 0.4296075375 0.6646163212499999 0.41554195125 0.6609482725 0.41040260875 0.6539178200000001 0.40769768375 0.6481100575000001 0.40742719625 0.6392456025 0.41716491 0.6377172462499999 0.4336649175 0.64321931875 0.450435425
2 0.55763130625 0.5250912249999999 0.5716921899999999 0.54591910125 0.5891154774999999 0.55890272625 0.5964515975 0.56106664875 0.60195367 0.5586322375 0.60439905125 0.5564682937500001 0.606233075 0.55349288625 0.60684440875 0.54889450875 0.60562174125 0.54348466875 0.5933948825 0.5250912249999999 0.5686354875 0.49533709375 0.5564086287500001 0.48668135749999997 0.5530553 0.487676285 0.54815549625 0.49182070000000006 0.546932805 0.49723054 0.5484611625 0.5091321925 0.55763130625 0.5250912249999999
2 0.55692260625 0.399467465 0.5572282725000001 0.4073117275 0.5590622975 0.4127215675 0.561813345 0.41488550125 0.5660927499999999 0.41650846 0.57098348875 0.41650846 0.576485585 0.41407402750000005 0.5847387049999999 0.4046068075 0.59146349125 0.39189368125 0.59696556375 0.366196945 0.59727123 0.3597051325 0.5966598975 0.35213136874999995 0.5939088487499999 0.3448280775 0.59299184875 0.33671331250000003 0.59085213375 0.3340083925 0.58630282 0.33189831499999994 0.5819876575 0.33292642499999997 0.57526289375 0.34293463125 0.55875663 0.38783630125 0.55692260625 0.399467465
2 0.49271600499999996 0.40878611 0.48904795624999997 0.42258120875000005 0.494855695 0.43231891625 0.50005212375 0.4404336775 0.50188614875 0.44530253125 0.5061655537499999 0.44827794875000004 0.5110562925 0.44827794875000004 0.5159470312500001 0.4423271225 0.5254228425 0.41338447625 0.52847955625 0.39526151499999995 0.5309249375 0.37713855875 0.53031360375 0.37091723375 0.52817389 0.36685985375 0.5257285325000001 0.364695915 0.51675053625 0.36467589250000004 0.51013926875 0.3671303475 0.50402583875 0.37226969375 0.49699541 0.384441835 0.49271600499999996 0.40878611
2 0.38022889499999996 0.49111499999999997 0.3768665125 0.500041235 0.3747268225 0.5105904474999999 0.374115465 0.51708224 0.37747787000000005 0.52141012875 0.38022889499999996 0.5243855162500001 0.39215008625000003 0.52330355375 0.40345994500000004 0.51654125375 0.41660380375 0.49273795875 0.42332859 0.46866416625 0.4230229 0.45432808625 0.4230229 0.44594283875 0.42118887625 0.44161496499999997 0.419966185 0.44107397875 0.41395073125000004 0.4420580075 0.41110173125000005 0.44161496499999997 0.40621097 0.442967425 0.39551246749999996 0.45838546625 0.38022889499999996 0.49111499999999997
2 0.45297871375 0.569287195 0.47407004999999997 0.5852462275 0.49179898 0.59363147625 0.50922226875 0.5920085275 0.5141130075 0.58903312 0.5153356975 0.5860576912500001 0.51289031625 0.580106875 0.51013926875 0.5730740875 0.48904795624999997 0.555762595 0.46642826249999997 0.5419674962500001 0.45267304625 0.53466422 0.44625394999999995 0.5338527362500001 0.441974545 0.53466422 0.43830647375 0.53547569375 0.43496927874999997 0.53971491375 0.43280440124999997 0.5438609424999999 0.4331100675 0.547647835 0.44319723625 0.5600904624999999 0.45297871375 0.569287195
2 0.28168444375 0.407597565 0.291160255 0.41787626000000005 0.3030814475 0.42463856 0.31377994875 0.42490904749999997 0.3198933775 0.424097595 0.32264444875000003 0.42193364 0.32356142624999995 0.41922872 0.32233875875 0.41490084125000004 0.321421735 0.408950025 0.31714235375 0.40137624125000004 0.29941339875 0.37892540625000004 0.29085458875000003 0.368376225 0.28046175375 0.35944998 0.27006894249999996 0.35485162375 0.26609520375 0.35485162375 0.25879563625 0.35757971499999996 0.2553967025 0.36161392375 0.25692506000000004 0.368376225 0.26609520375 0.38812213874999996 0.28168444375 0.407597565
2 0.0946135025 0.37946639249999997 0.08116396625 0.38487623249999997 0.07566188125000001 0.39190902125 0.0753562025 0.3956959125 0.07688456 0.39948280500000005 0.08544335875 0.404892645 0.09430783625 0.40786807375 0.10561768375 0.407597565 0.13343378250000001 0.40029427875 0.15116273624999998 0.39461394125 0.16614064375 0.38676967875 0.1722540725 0.3821713125 0.176533455 0.37757294625 0.17281066875 0.37075832875000003 0.1679746675 0.365671305 0.156053475 0.364318845 0.1346564725 0.367023765 0.0946135025 0.37946639249999997
2 0.18998300375 0.42896642874999996 0.200681505 0.440327105 0.2156594125 0.453851705 0.23033165125 0.46277792875 0.23980746249999998 0.46737630625000004 0.24622655875 0.46926974125 0.2511172975 0.47008122625 0.25478536875 0.46954022875 0.2553967025 0.46548284875 0.26028744125 0.46088449375 0.25631372625 0.45222873625 0.24133582 0.43329430625 0.21718776875 0.41246642 0.2009871725 0.40245823375 0.19487374249999997 0.40245823375 0.19153628375 0.40353590625 0.18845464625000002 0.40570412 0.18570359875 0.41354838125 0.18723195625 0.42112216625000004 0.18998300375 0.42896642874999996
2 0.23308267624999998 0.523878045 0.21413105500000001 0.52306657125 0.20465524375000002 0.52468952 0.200681505 0.5287469 0.19945881499999998 0.53361576375 0.20159852874999998 0.54146002625 0.21321403125 0.5498452850000001 0.23583372375 0.5547141387500001 0.25723072625 0.55850102 0.274348325 0.560664965 0.27923908625 0.560664965 0.2826014675 0.55741905875 0.28932623125 0.556607585 0.2926886125 0.55606659875 0.297273685 0.55363216625 0.2957453275 0.54957478625 0.29452266 0.54389445875 0.28626951625 0.5379436325 0.26303849 0.5287469 0.23308267624999998 0.523878045
2 0.28993758750000004 0.56309938625 0.27771072875 0.572837105 0.2697632525 0.58149284125 0.2670122275 0.5860912075 0.26640087125 0.59366498125 0.2688462525 0.59988630625 0.27557101500000003 0.60286172375 0.2801560875 0.6031322124999999 0.2969680175 0.5955584275 0.31561399625 0.5847387475 0.34098473749999997 0.5663452925 0.34709816625 0.56012397875 0.3489321675 0.556607585 0.34862652375000003 0.55227970625 0.34587545249999996 0.54795183875 0.34098473749999997 0.54524691875 0.33242592625 0.54632888 0.31653102 0.55038626 0.28993758750000004 0.56309938625
2 0.2178184075 0.7807909662500001 0.2165957175 0.814872955 0.2172070625 0.83137296375 0.2208751225 0.84084018375 0.22668287374999999 0.84435658875 0.23524168374999999 0.84354510375 0.24532882874999998 0.83137296375 0.24930256625 0.81974182 0.25113659125000004 0.8024303275 0.24869123250000003 0.77781554875 0.24563451874999997 0.76510243125 0.24441182749999998 0.76185652625 0.24227211375 0.75996308 0.23815924375000003 0.75834473375 0.23524168374999999 0.75698767125 0.22821123 0.7572581599999999 0.22301481375 0.7621270137499999 0.2178184075 0.7807909662500001
2 0.3422266975 0.7045122175 0.36729174875 0.70207779125 0.39602487125 0.69531549125 0.40641770625 0.68747122375 0.4085573975 0.68097941125 0.40825173 0.674758095 0.40550068250000004 0.6698892399999999 0.40183263375 0.66718432 0.381046965 0.6688072712500001 0.34467205624999997 0.6750285925 0.32724879125 0.67989744375 0.32052402874999997 0.68179089 0.31532759875 0.6842253175 0.313826015 0.69042418625 0.31441059875 0.694774515 0.31777298 0.69829090375 0.32877714875 0.7031597575 0.3422266975 0.7045122175
2 0.44584930624999997 0.7180368187499999 0.45715918875 0.71857779875 0.47794481125 0.71289747125 0.49628509875 0.7066761524999999 0.5097346712499999 0.6963974575 0.5124856962500001 0.68909417125 0.51370841 0.67989744375 0.510040315 0.6771925237499999 0.5051496 0.6763810524999999 0.49567376625000004 0.6774630175 0.47274840500000004 0.68584827 0.43759618625 0.69829090375 0.4213956125 0.7072171375 0.42292397000000004 0.7120859925 0.42567501874999997 0.71695485125 0.43209409125 0.71776633625 0.44584930624999997 0.7180368187499999
2 0.36484639125 0.78836476125 0.4024439675 0.78620080625 0.41161411125 0.78484834625 0.41772754125 0.7807909662500001 0.43239978125 0.77754508125 0.43545649625000005 0.7742991537499999 0.43515080500000003 0.7694302999999999 0.43331680499999997 0.7661843937499999 0.42964875625 0.762668 0.40764039750000003 0.75834013125 0.37401653500000004 0.7575286475 0.35139684250000003 0.7588811074999999 0.34589474625 0.7596925912499999 0.34039267375000004 0.7621270137499999 0.33733595875 0.76591390625 0.33733595875 0.77159423375 0.3410040075 0.77943850625 0.34925712750000004 0.78484834625 0.36484639125 0.78836476125
2 0.48314126375 0.7802500012500001 0.48130721625 0.7962090125 0.48100152625 0.804053275 0.4837525975 0.80892213875 0.4889490025 0.8110860624999999 0.493534075 0.81270903125 0.49873048 0.8102745987500001 0.50698360125 0.8024303275 0.5115686724999999 0.7972909749999999 0.5149310775 0.79025818625 0.5231841975 0.7602335675 0.5231841975 0.74752045125 0.5201274837500001 0.740217165 0.51707076875 0.734807325 0.5146253875 0.7318319062499999 0.51309703 0.7296679725 0.5087252725 0.72962211375 0.5027042187499999 0.7334548650000001 0.4984248375 0.73805323125 0.4920057175 0.7534712675 0.48314126375 0.7802500012500001
2 0.7722899737500001 0.58524582375 0.77198428375 0.59795895 0.77381833125 0.6071556725 0.776569355 0.613647485 0.784822475 0.6160819175000001 0.78849057125 0.6174343775 0.7939926199999999 0.6112130525 0.79857769125 0.60066387 0.8025514300000001 0.58849173 0.80469112125 0.5644179375 0.80346845375 0.54981138 0.8010230724999999 0.5433195625 0.79857769125 0.53953267625 0.7946040000000001 0.53574578375 0.78999165375 0.53329456375 0.78237714125 0.53872119625 0.7784034025 0.5495408775 0.7750409975 0.5657703975 0.7722899737500001 0.58524582375
2 0.6001969275 0.6421573425 0.59500049875 0.66514916375 0.59500049875 0.6748868825 0.59775154625 0.6870590225 0.5986685700000001 0.69219836375 0.605699 0.6932803362500001 0.61334078625 0.69192787625 0.6173145250000001 0.6884114825000001 0.62128826375 0.6830016425 0.631986765 0.65054260125 0.63687750375 0.62917372875 0.63779450375 0.620247495 0.63657183625 0.61483764875 0.632903765 0.6110507625 0.625873335 0.61078026875 0.61639750125 0.61456716125 0.60692169 0.62511634875 0.6001969275 0.6421573425
2 0.7050422275 0.62511634875 0.72460520625 0.64621472375 0.73836042125 0.65838686375 0.7551723525 0.66677212125 0.759757425 0.66758359625 0.76342549625 0.6654196612500001 0.76648221125 0.6591983374999999 0.76739921125 0.65432948375 0.7625084725000001 0.64405078875 0.7374434212500001 0.61429666875 0.71818611 0.5964442050000001 0.7129897037499999 0.5923868250000001 0.70901596625 0.59157534125 0.70400668625 0.5934431075 0.70015148875 0.5967146875 0.6980117975 0.60293600125 0.6983174637499999 0.61186224125 0.7050422275 0.62511634875
2 0.889362155 0.69814921125 0.88661108375 0.6938213225 0.87958063125 0.6821901575 0.87163320125 0.6770508162500001 0.85451558 0.6648786762500001 0.8334242675 0.6532475212500001 0.8178350037500001 0.65189506125 0.8095818837500001 0.6564934175 0.80774783625 0.6605507975 0.80774783625 0.6648786762500001 0.814166955 0.6735344225 0.84228872125 0.6938213225 0.86521408125 0.70788690875 0.874689915 0.7095098575000001 0.88110898875 0.708427885 0.885530505 0.7049544525 0.88997348875 0.703018045 0.8902791325 0.7013950975000001 0.889362155 0.69814921125
2 0.7539496625 0.75194158 0.76464816375 0.7624907625 0.776875045 0.77087601125 0.80683085875 0.7835891475 0.814472645 0.78304815125 0.828533505 0.779802255 0.8315902199999999 0.77790881875 0.8325072437500001 0.775744875 0.8334242675 0.771687495 0.8282278612499999 0.7641137100000001 0.8126385974999999 0.7543760025 0.7939926199999999 0.7457202562499999 0.77381833125 0.7367940212499999 0.76801056875 0.73327764875 0.76342549625 0.7321956550000001 0.76159144875 0.73192518875 0.75521551125 0.7350287249999999 0.7521156375 0.73706452 0.75058728 0.7424743599999999 0.75180997125 0.74707271625 0.7539496625 0.75194158
2 0.61425781 0.767630115 0.62862436 0.7692530625 0.6552177912499999 0.770335035 0.68914732 0.7668186300000001 0.69403805875 0.76167930875 0.69464941625 0.75762192875 0.692204035 0.752753055 0.68823029625 0.74707271625 0.676614795 0.7416628762499999 0.66622196 0.73895795625 0.6506327199999999 0.73814648125 0.6325980987500001 0.73976944 0.62251093 0.7424743599999999 0.611201095 0.74544978875 0.60050259375 0.7489661624999999 0.5992961050000001 0.7529381225 0.60203095125 0.75762192875 0.60233661875 0.7624907625 0.6044763325 0.7651956825 0.61425781 0.767630115
2 0.7207092774999999 0.84158788625 0.6959498937499999 0.85781740625 0.68250034375 0.8708010212499999 0.68097198625 0.8740469274999999 0.68005498625 0.87756332125 0.68005498625 0.8808092275 0.68158334375 0.8843256425 0.68372303375 0.88730103 0.6904478199999999 0.8894649737500001 0.7026746799999999 0.89081743375 0.71826392 0.88324364875 0.7469970425 0.86025182875 0.7583068774999999 0.8475387125 0.76075225875 0.84239936 0.76228061625 0.8399649275000001 0.7613635925 0.8380714924999999 0.7578905987500001 0.8336993699999999 0.75494449625 0.8310386937500001 0.7509707575 0.83022722 0.7396609225 0.8318501675000001 0.7207092774999999 0.84158788625
2 0.8228035525 0.8959567762499999 0.8625408437500001 0.9046125425 0.88240948875 0.90542399625 0.8986100862499999 0.8967682499999999 0.9010554675 0.89135841 0.9004441337500001 0.88730103 0.89524768125 0.8843256425 0.87660175 0.87783380875 0.8386984599999999 0.8697190487500001 0.81546745625 0.8675551149999999 0.8117994075 0.86836658875 0.80965967 0.86917807375 0.806602955 0.87053053375 0.80222062625 0.8739110375 0.7998781925 0.87783380875 0.8007952162499999 0.8813502137499999 0.8084370025 0.8878420149999999 0.8228035525 0.8959567762499999
2 0.48658832625000004 0.90812891625 0.481697565 0.9238174612500001 0.481697565 0.9294977887500001 0.48383725499999997 0.9324731975 0.48811668375000006 0.93490762875 0.49056201875 0.9370715737499999 0.49331308999999995 0.9376125487500001 0.49942651875000005 0.9365305775 0.50920799625 0.9262518925000001 0.521434855 0.9100223825 0.5290766425000001 0.89081743375 0.53091069 0.8805387287499999 0.53182766625 0.87053053375 0.52999366625 0.8629567487500001 0.5260199275 0.85781740625 0.5190434687500001 0.85566372625 0.5122647112500001 0.85646494625 0.50401159125 0.8651206925 0.49636980375 0.881079715 0.48658832625000004 0.90812891625
2 0.38449402875 0.9338256575 0.3823543375 0.9432928775 0.383882695 0.95059617375 0.38602238499999997 0.95519453 0.38877343375 0.95654699 0.39427552875000005 0.9568174775 0.40283431625 0.95492404125 0.41200446 0.9438338737499999 0.42637103375 0.91218629625 0.430956105 0.9008256299999999 0.43003908125 0.8856781024999999 0.43034474875 0.87918626875 0.42759369999999997 0.87621086125 0.42209162874999995 0.8756698749999999 0.41444984124999995 0.8753993875 0.40833641249999997 0.88189118875 0.39549819625 0.9056944950000001 0.38449402875 0.9338256575
1 0.6745484225 0.34919560375 0.67236428375 0.35622386874999995 0.6743498674999999 0.362900705 0.67911527125 0.36588772249999996 0.6826893125 0.3704560875 0.6882489525 0.36746908375 0.70115524625 0.35762951125000003 0.7047292875 0.35288544250000003 0.7214081925000001 0.32705659375 0.72577647 0.31036448 0.7267692625 0.2999977975 0.7239894575 0.29349666750000003 0.7216067475 0.29086107 0.7190254987500001 0.28840117374999996 0.71498333875 0.28745976 0.70989181625 0.29033394625 0.7005595649999999 0.30087633 0.6850720225000001 0.32617806125000004 0.6745484225 0.34919560375
0 0.87296003375 0.47658197375 0.85971087375 0.4926375825 0.85895136625 0.4945045125 0.85962648625 0.49674483 0.86300206875 0.50032934125 0.869078115 0.5041378787499999 0.8733819812500001 0.5058554525000001 0.8801331475 0.50831980375 0.8830867825 0.50951463875 0.8848589687499999 0.50996270125 0.88654676 0.50929061 0.89262280625 0.5022709475 0.90629391375 0.48502050750000003 0.909585115 0.47590987749999997 0.909585115 0.47015972875 0.9084036525000001 0.4642602275 0.9056187950000001 0.46082507375 0.9046061224999999 0.45821137 0.90384662125 0.45776330625 0.9024120012500001 0.45776330625 0.89802373375 0.45768862875000005 0.8911881862500001 0.45985426875 0.88418384875 0.46463361375 0.87296003375 0.47658197375