2 0.1160435125 0.52905619875 0.104767035 0.5412469125 0.1025844825 0.55239269625 0.10694957499999999 0.55796558875 0.12077237125 0.55935881875 0.1327763525 0.55761728875 0.15823937875 0.54020198375 0.1829749 0.51582055625 0.19134133375 0.50223662625 0.19243259 0.49666372125 0.19316012125 0.49422557625 0.19170508625 0.49283235875000003 0.18518458249999997 0.49047032749999997 0.18261114875 0.4883043825 0.17897357249999998 0.48656285250000003 0.15787562624999998 0.49596710625 0.1160435125 0.52905619875
2 0.20079902375 0.59453772875 0.20443659875 0.59593095875 0.2109842175 0.59453772875 0.2218969425 0.59035806625 0.2477237475 0.5760775225 0.270640455 0.55935881875 0.2819169325 0.5499545650000001 0.285190755 0.5384604525000001 0.2797343925 0.53497739125 0.2651840925 0.53044942875 0.24954253625 0.53323586125 0.22662580125 0.546819805 0.2113479975 0.55761728875 0.2037090675 0.56528003875 0.19382531749999998 0.58532708 0.19570641375 0.5907063674999999 0.1978889525 0.59279619875 0.20079902375 0.59453772875
2 0.3037423825 0.6680849050000001 0.31029002875 0.66460184375 0.31938396625 0.65659081875 0.34884832000000005 0.62593987125 0.36121610875000004 0.6102660974999999 0.3619436125 0.603299975 0.3619436125 0.59807538375 0.3575785325 0.59528895125 0.34375573625 0.5945923225 0.33102419625 0.59633385375 0.3172014275 0.60538980625 0.30301487875 0.62176020875 0.2928296575 0.6412653462500001 0.285190755 0.65624251875 0.2840995 0.66355694125 0.28750907375 0.666259905 0.2928296575 0.6697779712499999 0.29937730375 0.6701747625 0.3037423825 0.6680849050000001
2 0.37352238125 0.44489347375 0.39425654875 0.45011806625 0.40662431 0.449769765 0.41935582250000003 0.44802823375 0.42226589375 0.44071379875 0.42117461 0.434792605 0.42081085875 0.43061292875 0.4062605575 0.42190527625 0.37570492125 0.40762471875 0.34624056875000003 0.39717553625 0.337874135 0.39578232 0.33314530374999995 0.39647893375000004 0.3266197675 0.39822431125 0.32696140999999995 0.4079730325 0.330598985 0.41842221625 0.34660432125 0.43270276125 0.37352238125 0.44489347375
2 0.50593012125 0.41354592500000004 0.5168428475 0.42538833750000005 0.5237542175000001 0.430264615 0.52957436 0.43165787125 0.53430321875 0.43130954375 0.53939580125 0.42991634125 0.5426696525 0.42782648375 0.5423058725 0.42190527625 0.53975958125 0.41041117875 0.5350307225 0.39752384999999996 0.5197529175 0.3738390375 0.50811266125 0.35955848 0.4964724325 0.3501542125 0.48956103375 0.34771608 0.48374091874999997 0.34701946624999996 0.47901206 0.34632285125 0.47305748375 0.34731495375 0.47064562625 0.35154744250000003 0.47210066125 0.36130001 0.48592345875 0.3874229675 0.50593012125 0.41354592500000004
2 0.4433638125 0.52639710625 0.449183955 0.52744203625 0.45791411375 0.5312733975 0.46300672374999996 0.53336322875 0.4917435725 0.5344081575 0.51793413125 0.5298801675 0.52702806875 0.5267454075 0.5313931475 0.52152081625 0.53684951 0.51455469375 0.5401233049999999 0.50689197 0.53684951 0.50340890875 0.52666428875 0.49922922 0.49938247500000005 0.49748769000000004 0.45464031749999995 0.50097075125 0.43899873375 0.5096784037500001 0.43803976874999995 0.5161425675 0.4360886625 0.52221744375 0.4386349825 0.5229140462499999 0.4433638125 0.52639710625
2 0.5281193525 0.278696875 0.533211935 0.29994354875 0.53648573 0.30760628624999997 0.54339715625 0.308999515 0.55030852625 0.307257985 0.55903874 0.29924693375 0.5641313237500001 0.286011305 0.56304004 0.26406802375 0.5557648900000001 0.23063063625000002 0.54739845625 0.21948484125 0.54376088 0.214608555 0.54157836875 0.21147380125 0.53939580125 0.20833904749999999 0.53794079375 0.2076424325 0.5335426274999999 0.20807568375 0.52702806875 0.21356363875 0.52484550125 0.22331620624999998 0.5241179975 0.24073151125 0.5281193525 0.278696875
2 0.84129239 0.30064016375 0.85766147875 0.31143764749999997 0.8791231775 0.32049361374999996 0.89658354875 0.323976675 0.9064049900000001 0.323976675 0.91913650375 0.3159656375 0.9224103537499999 0.3128308775 0.9187727787500001 0.30656137 0.91404392 0.2995952475 0.90604123875 0.29228081125 0.8714842749999999 0.2759104425 0.8540239024999999 0.268596 0.8431111775 0.26720279 0.8358360275 0.26755108375 0.8329259837499999 0.268596 0.8282371625 0.27290896875000004 0.82237701125 0.27521381375 0.8238320462500001 0.278348575 0.8285608775 0.287752835 0.84129239 0.30064016375
2 0.6423785025 0.45022724625000005 0.6587475899999999 0.44813740875 0.6820280762500001 0.43873314125 0.69876091625 0.43211534 0.7122199337499999 0.42480089625 0.7165850399999999 0.41539663625 0.7184038275 0.40390253125000003 0.71367496875 0.401116085 0.7013072075 0.39937455374999997 0.68166429625 0.40494745375 0.6445610412499999 0.41748647375 0.62637316625 0.4289805725 0.62273559125 0.4349017725 0.6249525075 0.4408663375 0.62455437875 0.445350955 0.62710067 0.44848571625 0.6423785025 0.45022724625000005
2 0.729680305 0.527202895 0.7460493925 0.5265063074999999 0.76423726875 0.52058507375 0.7667835599999999 0.51570879625 0.76605605625 0.50943927625 0.7613271975000001 0.5038663837499999 0.73622792375 0.49655196125 0.705308535 0.49202397124999997 0.6798455087499999 0.49272058625 0.6714791025 0.49411381624999995 0.667701405 0.50047815 0.6692965637499999 0.50804606 0.67766297 0.51814692875 0.6885756949999999 0.52441644875 0.729680305 0.527202895
2 0.7242239425 0.6474777 0.7180400475000001 0.6621065325 0.71876757875 0.6749938475 0.7209501187499999 0.68544303 0.7278615175 0.68892609125 0.7365917025000001 0.6868362600000001 0.74714067625 0.67882523625 0.770784915 0.64190478125 0.78278892375 0.6091640025 0.78097013625 0.60080465125 0.7754832025 0.59664027125 0.770784915 0.59383852875 0.758780905 0.598018205 0.74350310125 0.61438859375 0.7242239425 0.6474777
2 0.5173073724999999 0.6858459375 0.53367646 0.70604768875 0.53840529125 0.7109239662500001 0.5485905125 0.71127228 0.55186433625 0.7105756925 0.54968179625 0.70012650875 0.5471354774999999 0.68480100875 0.54531669 0.67678997125 0.52785634625 0.63882461375 0.5147610525 0.62280252625 0.50930469 0.6203643812499999 0.50493961125 0.61862285 0.49988923999999996 0.6192666525 0.49402688625 0.6234991412499999 0.49366313375 0.6301169625 0.498755745 0.64997039875 0.5173073724999999 0.6858459375
2 0.60169910375 0.6813179475 0.63043598 0.6900256 0.6362560675000001 0.6900256 0.64098492625 0.6893289987500001 0.6435312175 0.68480100875 0.64098492625 0.6740035249999999 0.63116348375 0.66181281125 0.60388167125 0.64822886875 0.57332600625 0.639172915 0.5602307425 0.64021783125 0.55695694625 0.6412627462499999 0.55173364875 0.6440686462499999 0.54968179625 0.64962209875 0.5507730525 0.6558916050000001 0.55732069875 0.66320604125 0.60169910375 0.6813179475
2 0.59660652125 0.82184907125 0.6122481049999999 0.8302084225 0.62316083 0.8312533375 0.62825341375 0.8242872162499999 0.626434625 0.8155795637500001 0.6209782625 0.805478695 0.6177044675 0.79433289625 0.6027903875 0.7804006462499999 0.5806011575 0.76159211875 0.57332600625 0.7584573775 0.55913948625 0.75497431625 0.5536831237500001 0.7567158475 0.5467311174999999 0.7593761675 0.544589185 0.7629853412500001 0.5464079725 0.7716929937499999 0.563504565 0.7929396675 0.59660652125 0.82184907125
2 0.6463798300000001 0.77785333375 0.6758441825 0.7830779250000001 0.7104011450000001 0.78377452625 0.720222615 0.78029147875 0.72495144625 0.77611180375 0.7271339849999999 0.7729770425 0.72386019 0.76531430625 0.7184038275 0.7569549675 0.7078548537499999 0.75033714625 0.669660315 0.7458091962500001 0.65183619125 0.7451125550000001 0.6365583875 0.75033714625 0.630738245 0.7510337875 0.62673691875 0.7566066537499999 0.62710067 0.76078632875 0.63001074125 0.76775245125 0.6347396 0.7722804275 0.6463798300000001 0.77785333375
2 0.4798403375 0.9333616425 0.51075972625 0.9399794375 0.5376777875 0.9424175687499999 0.55004554875 0.9392828225 0.55259184 0.93266500125 0.55150058375 0.92395734875 0.5449529375000001 0.91455308125 0.52858385 0.9044522125000001 0.49475439 0.89992423625 0.47365647125000004 0.9030589824999999 0.45619609875 0.9075869587500001 0.45714034124999997 0.91253936375 0.45655985125 0.91699122625 0.4558323475 0.9218675175 0.46128871 0.926743795 0.4798403375 0.9333616425
0 0.32374223999999996 0.29680571 0.312297275 0.305772005 0.30735512875000004 0.3112514125 0.30033209375 0.32370460624999997 0.29226860250000003 0.343629715 0.2901876925 0.3498563125 0.29044780124999997 0.35284509999999997 0.29565005625 0.35458852999999996 0.30475400125 0.3588226175 0.31307762125 0.363803895 0.31567874875 0.36405297375 0.32036076625 0.3580754175 0.3354473125 0.32843682375 0.34221024 0.3107532825 0.34377091249999997 0.29954540875 0.34273045750000003 0.29481319625 0.33986922125 0.2920734975 0.33570742125 0.28908473874999996 0.33362651125 0.2885866 0.331025385 0.28908473874999996 0.32374223999999996 0.29680571
0 0.8370937650000001 0.61127321125 0.835315135 0.62350444 0.8345066649999999 0.63465188875 0.8343449725000001 0.63805805375 0.83887240875 0.6400707800000001 0.8425913625 0.6414642137500001 0.84631032875 0.64285764625 0.85374824875 0.6382128775 0.8613478612500001 0.6301619537500001 0.8731515375 0.61018943 0.87913421 0.5967196025 0.8802660625000001 0.5931586074999999 0.8754152437499999 0.58975244875 0.86118616875 0.579379125 0.8573055112500001 0.57659227 0.85474082125 0.5764973412500001 0.8518079262499999 0.5806177325 0.8446933887500001 0.59455204125 0.838710705 0.60724774625 0.8370937650000001 0.61127321125
1 0.82706874375 0.4560276675 0.8301409325 0.46562686 0.832889725 0.47460674625000004 0.83693207375 0.48250285875000004 0.84436999375 0.49566304 0.84808896 0.5021657125 0.85342486625 0.5046429324999999 0.86118616875 0.50727496375 0.86442004875 0.5095973487500001 0.868139015 0.509906995 0.88786567375 0.49953368125 0.8872189075 0.49566304 0.8856019687500001 0.49055379375 0.8661986924999999 0.4619110475 0.8532631625 0.44751225624999996 0.84825065125 0.4439512675 0.8442083024999999 0.44302231375 0.84145951 0.44302231375 0.8390340999999999 0.44364161875 0.83628529625 0.445499525 0.83402159 0.445189875 0.830464315 0.44488022875 0.828847375 0.44673812875 0.828038905 0.451228075 0.82706874375 0.4560276675
1 0.48391697624999996 0.600610205 0.49859881875 0.60162158625 0.50546442875 0.60152044625 0.52680062625 0.5972726487500001 0.5413768375 0.59322712375 0.55764306 0.5852372112500001 0.5700011525 0.57835982125 0.57644427 0.57219039625 0.57802864125 0.56885283625 0.5762330075 0.5674369075 0.56905053625 0.56784145625 0.5642974224999999 0.56379593125 0.55859367625 0.55964926875 0.54877057125 0.5557048824999999 0.54222183875 0.55661512625 0.5274343725 0.56086293 0.49585256875 0.57057218625 0.4803257325 0.5773484400000001 0.47419949375000003 0.58149510125 0.4728263775 0.58372014 0.4709251275 0.59585672125 0.4711363825 0.59767719875 0.47536137250000005 0.59889086375 0.48391697624999996 0.600610205
1 0.36276720249999994 0.5549820725 0.379059715 0.58949215375 0.3889339625 0.60131067625 0.3945293725 0.6061956625 0.4001247825 0.60808663375 0.4027579125 0.607929055 0.40637846625 0.60540776125 0.40950531375 0.599577295 0.41164473874999996 0.5918558575 0.41131559 0.583819265 0.40999903125000003 0.5775160537499999 0.40045391875 0.55939432 0.38728825499999997 0.5368603387499999 0.3777431425 0.5244114925000001 0.37033745625000003 0.5165324775 0.3675397575 0.51007169125 0.3655649125 0.5059745975 0.36424834124999994 0.50471395625 0.36260263375 0.506920085 0.36079235750000005 0.50975652625 0.3537158075 0.51605973875 0.35091810875 0.52189021375 0.35420952499999997 0.5327632475 0.36276720249999994 0.5549820725
1 0.36569270625 0.7259553737500001 0.363801375 0.72888081875 0.36161907374999996 0.7396074487500001 0.35929128749999995 0.76914050625 0.36060066999999996 0.7878076237499999 0.36511075750000005 0.80870366 0.36729305875 0.8156690037500001 0.36918439 0.8178979112499999 0.37704066625000004 0.81817652125 0.38009589624999995 0.81984820875 0.3824236825 0.81998751375 0.38460598375 0.8156690037500001 0.38751571875 0.80703197125 0.38838863625000003 0.8029920799999999 0.391443855 0.79658395625 0.3933351875 0.78307119375 0.3934806725 0.7592497162499999 0.39188032 0.7442045749999999 0.389261555 0.734035175 0.38620633499999996 0.7302738875 0.38213270125 0.7242836925 0.37878651374999994 0.721497555 0.37472952249999997 0.7200650275 0.3735489925 0.7189900325 0.372385095 0.7187114187500001 0.3703482775 0.72121894125 0.36569270625 0.7259553737500001
1 0.0949058675 0.67958798625 0.092091435 0.686624615 0.09084058499999999 0.69800299125 0.08958972375 0.72659865625 0.09021515375 0.7328867025 0.09474951375 0.74486394375 0.09709487 0.752200005 0.09959658125000001 0.7559428925 0.1011601525 0.75758976125 0.10366186375 0.757290335 0.10631992999999999 0.75534402875 0.11194879625000001 0.75579318 0.11617043375 0.7529485825000001 0.12007937375 0.74471423 0.1247700875 0.7249517937500001 0.1269590775 0.68512746 0.1250827975 0.67749196625 0.121642945 0.66746102875 0.1196102975 0.66311928 0.1171317325 0.66145972125 0.11319964625000001 0.6611729825 0.10538178999999999 0.6661135899999999 0.09881479625 0.67255135625 0.0949058675 0.67958798625
1 0.69129841375 0.31729514999999997 0.68348828 0.31753255750000003 0.6746863875 0.32061887624999996 0.6676200824999999 0.32204332625 0.66117362 0.32512963874999995 0.6502642362500001 0.33605044874999995 0.646669095 0.33913676125000003 0.64257807 0.33878064875 0.63464397625 0.34376623625 0.6308008887500001 0.34649643625000004 0.6278256075 0.3519568375 0.62770163 0.36180930375000003 0.63055295125 0.36679489 0.6341480924999999 0.36726970875 0.64133836625 0.36738841125 0.65286761125 0.3662013675 0.65956201125 0.36477691375 0.6719590449999999 0.3583668775 0.6963811962500001 0.34744607125000004 0.7111336762499999 0.33806842000000004 0.71683630125 0.330946155 0.71720821625 0.32619798125000005 0.71701340375 0.32381028875 0.7165883637500001 0.31871960125 0.71485278625 0.31670162749999997 0.7055550125000001 0.31729514999999997 0.69129841375 0.31729514999999997
1 0.7259443862499999 0.17089405875 0.72494129125 0.16843951000000001 0.72260077125 0.16566480125 0.71401883 0.15862130625 0.7004214475 0.1501904625 0.68125139125 0.1432536875 0.6686571125 0.141119295 0.64803815375 0.13962522125 0.63611258875 0.13909162375 0.6264161075 0.14261337125 0.6193945125 0.14784263 0.6176112525 0.1514710975 0.61883724375 0.15477940375 0.62396411875 0.1596885025 0.63377205875 0.16331696999999998 0.6471465200000001 0.16747903625 0.65572846125 0.1716410975 0.6662051237500001 0.17612332875 0.6792452274999999 0.1799652275 0.69295404375 0.183593695 0.70666286875 0.18434072875 0.7146875425 0.18370041374999999 0.71836552125 0.1822063375 0.72014879 0.17964506624999999 0.72153755875 0.174329035 0.72427257875 0.17270829249999997 0.72583292625 0.1720679775 0.7259443862499999 0.17089405875