2 0.058032397500000006 0.45583476375 0.06807230375 0.46537586500000006 0.09108040875000001 0.48336765125 0.10321196125 0.4907279425 0.11199686874999999 0.49399916875000005 0.1216184525 0.49563478125000004 0.13082168125000002 0.494816985 0.13751494250000001 0.49263615375 0.14127991125 0.49018272375000005 0.139188265 0.48254985499999997 0.12998503625 0.47137314125 0.10823189875 0.45201832000000003 0.08857044 0.43729778 0.07978553375 0.43239092 0.0705822725 0.431027905 0.06598065874999999 0.43130050500000006 0.057614075 0.43511694875 0.05133913625 0.436207365 0.048829168750000006 0.43811557624999997 0.05301246 0.4454758675 0.058032397500000006 0.45583476375
2 0.2546471125 0.3036731225 0.26385037375 0.319211485 0.27054363375 0.32793477875 0.2780735725 0.33529505875 0.28225686375 0.33856629624999995 0.28518515625 0.3404745075 0.29229673875 0.33774847874999997 0.300663355 0.33529505875 0.30359164624999996 0.333932045 0.3077749375 0.3284799875 0.30317329125000003 0.30857997875 0.2847668325 0.27177859375 0.2789102175 0.266326525 0.27389028125 0.2622374825 0.2655236975 0.26114706875 0.26160554125 0.26297285875 0.25255546625 0.26796214375 0.24669888375 0.27504982 0.24753552875 0.28622654000000003 0.2546471125 0.3036731225
2 0.3285030175 0.4277074425 0.32180975625 0.439156755 0.32097311125 0.44542663 0.3247380475 0.4508786875 0.33310463125 0.45169648375 0.34858283 0.44978827125000004 0.35904105999999997 0.44597182750000003 0.3766108725 0.42852523875000004 0.39334404 0.412169065 0.39627236375 0.40208276625000006 0.39669068625000004 0.39744852625 0.3987823325 0.39417727874999997 0.399200655 0.39117865125 0.399200655 0.390360845 0.39543568625 0.3881800125 0.3886950025 0.38693313 0.37912084125 0.38627180125000005 0.36698932125 0.39145125000000003 0.3481645075 0.40508139374999996 0.3285030175 0.4277074425
2 0.5181437425 0.40153756875 0.51354209625 0.41189646625000004 0.51354209625 0.42089236999999996 0.51605209625 0.42552661125 0.51939871125 0.42934305500000003 0.5260919712500001 0.43016087249999996 0.54031517 0.42716222375 0.5537017225 0.41925675625 0.56206830625 0.40753482375 0.57252653625 0.38654442125000005 0.575036505 0.37182384 0.575036505 0.36500876750000005 0.575036505 0.36091972499999997 0.5675616525 0.35798636375000004 0.54910007625 0.3565580825 0.5415701700000001 0.36064714625 0.5306936175 0.37645809125 0.5181437425 0.40153756875
2 0.669578925 0.24644929999999998 0.680037155 0.26198766125 0.6959336125 0.27916164125000004 0.70973848875 0.2897931575 0.7193600725 0.2922465875 0.72856330125 0.29251918625 0.73483823875 0.29170138 0.73902153125 0.2897931575 0.74111317625 0.2848863075 0.739439885 0.27616301249999997 0.7314915925 0.2641684875 0.71768678125 0.24726711625 0.7068101962500001 0.23581778750000001 0.69802525875 0.22954791875000002 0.6934236762499999 0.22682189 0.68756702875 0.22464107125000002 0.67791505375 0.2251717875 0.6683239249999999 0.22763969625000002 0.66623227875 0.23063832874999998 0.6658139237499999 0.23745340124999997 0.669578925 0.24644929999999998
2 0.6668903425 0.4156303025 0.70495829125 0.41971933624999996 0.73465965625 0.4219001675 0.75222950125 0.42162756875 0.7614327312499999 0.419991955 0.766034345 0.4169933175 0.76938096 0.41263168624999996 0.766034345 0.40690700874999997 0.75348447 0.39763850625 0.7371696249999999 0.39327686375 0.71416152125 0.39191384999999995 0.69366341625 0.39055083500000004 0.6794402175 0.39055083500000004 0.6664720199999999 0.39164124 0.6555954350000001 0.39463987875 0.64998698875 0.39653646625 0.6497388525 0.402817965 0.65099382125 0.40936042875 0.65475879 0.41317689375 0.6668903425 0.4156303025
2 0.7543211150000001 0.48877496875 0.7710542825000001 0.494499645 0.79448071125 0.49913387625 0.8287836912500001 0.50267772125 0.84133356625 0.50213250375 0.84970015 0.49967908375000003 0.85806673375 0.49559004 0.862250025 0.49150099750000004 0.862250025 0.48768457374999996 0.86015837875 0.48332291125 0.84928185875 0.47868866 0.830457045 0.474872215 0.79573571125 0.47105578000000004 0.7802575125 0.46887494875 0.77189092875 0.46778454375 0.76143269875 0.46832975125 0.7526477925 0.47023796375000004 0.74852031 0.47343287875 0.7446995325 0.47650783875 0.7446995325 0.48059688125 0.7446995325 0.48305030125000004 0.7543211150000001 0.48877496875
2 0.7116515525 0.55573682125 0.69157173875 0.562006685 0.6827868325 0.56555052625 0.68111350875 0.568276555 0.68571512375 0.57563683 0.68864344625 0.57890806625 0.694918385 0.581634095 0.70746826 0.58272451125 0.7375879487500001 0.5810888875 0.78109419 0.57727245875 0.7986640025 0.5712751825 0.80159229375 0.5688217575 0.7982457112500001 0.5633697 0.7865324499999999 0.5554642275 0.7723092837500001 0.5516477774999999 0.74428120875 0.55273819875 0.7116515525 0.55573682125
2 0.7748192525 0.63588207375 0.7882057725 0.64024373625 0.8112138775 0.6456957950000001 0.84677185875 0.6506026237499999 0.8668516712500001 0.6511478525 0.8789831925 0.64951221875 0.88525813 0.6467861899999999 0.88525813 0.64215193875 0.88149319375 0.6369724787500001 0.87479990125 0.63097521375 0.862250025 0.62552315625 0.8404969212500001 0.62197932 0.81330552375 0.6173450687500001 0.79406242 0.6173450687500001 0.77983919 0.6173450687500001 0.77048639 0.62021001125 0.76812599125 0.62470534875 0.76812599125 0.62852179375 0.7697992825 0.6323382275 0.7748192525 0.63588207375
2 0.4778055175 0.6320656499999999 0.484080455 0.6424245375 0.4895187475 0.6489670099999999 0.49663033 0.6508752325 0.5020686225 0.65005741625 0.5091802062499999 0.6476039962500001 0.51545514375 0.6339738512499999 0.5146184975 0.61461904 0.50708856 0.59308341875 0.495793685 0.5810888875 0.4895187475 0.57699984375 0.485335455 0.5748190237499999 0.4765593225 0.5766195875 0.4698572725 0.5799984825 0.46943893375 0.58735875125 0.47278558 0.61461904 0.4778055175 0.6320656499999999
2 0.691153415 0.6980692974999999 0.70830490625 0.7108816349999999 0.7304763649999999 0.7286008225 0.7434445637499999 0.73650631125 0.75055614625 0.7384145225000001 0.7601777300000001 0.73759672625 0.766034345 0.735415895 0.7697992825 0.73214466875 0.76938096 0.728055625 0.76143269875 0.7171514999999999 0.73842459375 0.69261724 0.7133248425 0.6759884675000001 0.70495825875 0.6743528550000001 0.69910167625 0.6735350375 0.6953367075 0.6735350375 0.68906177 0.67517066125 0.681950155 0.67762408125 0.6802768637500001 0.6822583324999999 0.6815318312499999 0.68771039 0.691153415 0.6980692974999999
2 0.57032912625 0.7466589337499999 0.5920822299999999 0.7594712812500001 0.60588710625 0.7646507200000001 0.61299869 0.7660137337499999 0.61885533625 0.7646507200000001 0.624293565 0.76083429625 0.62722192 0.7529288087499999 0.6205286275 0.7406616775 0.60714210625 0.7259411175 0.5766040637500001 0.70631372875 0.56530915625 0.699771235 0.561125865 0.69949865625 0.5529176 0.7002393075000001 0.5448110525 0.7030424712500001 0.5414644062499999 0.7125835725 0.5481576662500001 0.72757673125 0.57032912625 0.7466589337499999
2 0.43604546499999997 0.7496575612499999 0.46616515375 0.7739192224999999 0.48415332125 0.78346032375 0.497958165 0.7880945850000001 0.5042331025 0.7880945850000001 0.50841639375 0.78536855625 0.5117630400000001 0.7826425275 0.51552800875 0.7785534837500001 0.5151096549999999 0.7725562075000001 0.50172313375 0.75756304875 0.4753683825 0.73766305 0.4628185075 0.72703153375 0.45445192375 0.72403291625 0.44727121625000005 0.72067231875 0.44064708 0.72103426875 0.43186217374999997 0.7264863162499999 0.42851552624999995 0.73793565 0.43604546499999997 0.7496575612499999
2 0.15593300625 0.51775712875 0.15007639125 0.5218461725 0.14421980874999998 0.5278434375 0.1396181625 0.53384070375 0.13878151625 0.538474955 0.14505645375 0.5425639987499999 0.1513313925 0.545835225 0.15760633000000002 0.54665304125 0.16680955874999998 0.5455626262500001 0.188562695 0.5376571375 0.2291406125 0.51584890625 0.23792552 0.50794343 0.240017165 0.50439959375 0.240017165 0.50031055 0.240017165 0.49758452124999997 0.23583387375 0.49513109125 0.22997729125 0.49349548374999996 0.2229034 0.49352534 0.21324412375000001 0.49349548374999996 0.19609260125 0.49812971875 0.180614435 0.50548999875 0.15593300625 0.51775712875
2 0.28854337625 0.55767514875 0.28519673 0.57430392125 0.286033375 0.5925683374999999 0.289798345 0.60783407375 0.29398163625 0.6119231175000001 0.30067489625 0.6124683249999999 0.31322477249999997 0.60865189125 0.32242803375 0.60074642375 0.3261930025 0.5862984525 0.33037629375 0.5604011775 0.3307946175 0.5546765112500001 0.32870297125000003 0.546225825 0.3270296475 0.5394107537499999 0.32410135625000003 0.5355943087499999 0.319918065 0.533958695 0.31547473625 0.5357535637499999 0.30611318875 0.5358669175 0.2981649275 0.5394107537499999 0.29398163625 0.54486281125 0.28854337625 0.55767514875
2 0.25633201 0.6761235462499999 0.27181020875 0.68866328625 0.28310508375 0.69138931375 0.29398163625 0.69084410625 0.29941992875 0.6900263 0.3031848975 0.68348382625 0.2973282825 0.66903587625 0.2856150525 0.65077148 0.2663719175 0.62896324875 0.25926033375 0.62596462625 0.25382204125 0.6232385975 0.24382347625 0.62361551375 0.23541555125 0.62514681 0.233323905 0.63114407 0.23959884250000002 0.6526797025000001 0.25633201 0.6761235462499999
2 0.28143176125 0.7442742687499999 0.30067489625 0.76744551375 0.31238812625 0.7802578625 0.32075471 0.78461950375 0.32744797124999997 0.7854373 0.33497790875 0.7824386725 0.34125284624999996 0.7775318325 0.343762815 0.76880852875 0.3391612 0.75817701125 0.3249380025 0.737731795 0.31531641875 0.72655508125 0.30527654375 0.7202852375000001 0.29900160625 0.7151057575 0.29565496 0.71237972875 0.2923083125 0.7104715162499999 0.28854337625 0.7104715162499999 0.28185008375 0.713197545 0.27557514625 0.71619619375 0.27264685499999997 0.7211030225 0.27181020875 0.7273728975 0.28143176125 0.7442742687499999
2 0.05133515875 0.65976574625 0.07559826375 0.68239178375 0.0827098475 0.68784384125 0.09149475374999999 0.69029727125 0.10153466 0.68784384125 0.10780959749999999 0.6840274075 0.10739127500000001 0.6717602775 0.10111633749999999 0.660038355 0.08438317 0.63959314375 0.07266994 0.62841641375 0.06053842 0.62323697 0.049661834999999994 0.62160134125 0.04299074625 0.62293441375 0.0379486375 0.62432737 0.03460199125 0.62950682375 0.0379486375 0.6409561524999999 0.05133515875 0.65976574625
2 0.19900537125 0.76445298875 0.20318866375 0.7895324562499999 0.20820860124999999 0.802344815 0.21573853875000001 0.8127037025 0.22034015375 0.81761055125 0.23247170625 0.8137941175000001 0.238746645 0.8116132962499999 0.24251161375 0.80834206 0.2450215825 0.7979831525000001 0.24627655 0.777537935 0.24376658124999998 0.7592735399999999 0.23707332125 0.7453707862500001 0.23414503 0.7415543474999999 0.22703341500000002 0.73882831875 0.21976538874999998 0.7387214787499999 0.211136925 0.74046393625 0.20277034125 0.74700641 0.2010970175 0.7538214825 0.19900537125 0.76445298875
2 0.25547981125 0.9199574850000001 0.24627655 0.932224615 0.24543990499999999 0.94285613125 0.24753155124999998 0.94830818875 0.2575714575 0.95076160875 0.2680296875 0.95048903125 0.27932456250000004 0.9461273687499999 0.29563943875 0.9338602375 0.31069925000000004 0.9155958425 0.31822918875 0.9006026837500001 0.32115748000000005 0.89024377625 0.32032083499999997 0.8861547325 0.3173925425 0.8847917187500001 0.309862605 0.8831560949999999 0.3048426675 0.88179308 0.29020114625000004 0.88669993 0.26761136375 0.9055095337500001 0.25547981125 0.9199574850000001
2 0.49210335875 0.8376025250000001 0.48666509875 0.847688835 0.48080848375 0.8700422625 0.478298515 0.88394501625 0.4799718375 0.89512173125 0.48331845125 0.8997560025 0.48708342125000004 0.9019368025 0.49252171250000004 0.90302721875 0.50005161875 0.9013915950000001 0.5134381725 0.8956669587499999 0.52305972375 0.88503542125 0.5284980162499999 0.8648628137500001 0.5305896625 0.8427819737500001 0.5255696925 0.8286066325 0.524314725 0.8253353950000001 0.51421545875 0.8255617775 0.5096732025 0.82506278625 0.50548991125 0.82506278625 0.49921497375 0.827788815 0.49210335875 0.8376025250000001
2 0.70777901 0.87603952875 0.6718027075 0.8817641949999999 0.6605078 0.8861258575 0.657161185 0.889124465 0.6559061850000001 0.89239570125 0.6659460925 0.89812036875 0.67640432125 0.9032998175 0.6868625512500001 0.9054806487499999 0.7006674275 0.9052080499999999 0.7312054375 0.90030119 0.751703575 0.8978477599999999 0.7692733875000001 0.8896696725 0.7747117112499999 0.88694364375 0.7763850025000001 0.8836724075 0.774670405 0.87936870875 0.76969174125 0.87358610875 0.75714186625 0.87086008 0.73957202125 0.87167788625 0.70777901 0.87603952875
2 0.7768033575 0.8114326475 0.81947292125 0.82506278625 0.83662437875 0.82887923125 0.84833760875 0.82887923125 0.85377590125 0.8272436175 0.8579591925 0.822881965 0.8567041925 0.8168846999999999 0.85377590125 0.8100696325 0.84708260875 0.802164145 0.81696292 0.79207784125 0.78600658625 0.78417235875 0.77052845125 0.78280934375 0.7617434812499999 0.78280934375 0.7542733312500001 0.78707960625 0.75128525125 0.79071482625 0.7508669287499999 0.7967120925000001 0.75505022 0.8016189425 0.7768033575 0.8114326475