2 0.2232068825 0.27041774125 0.23467402375 0.28958557875 0.24276847750000002 0.2983361325 0.25153745875 0.3008362725 0.25828283375 0.29708604375000003 0.2609809675 0.29208574875 0.26064370375 0.2841685825 0.2559219375 0.2725012025 0.24512934875 0.25375005125 0.23939579125000002 0.24416612499999998 0.23433675999999998 0.2395825075 0.23096407374999997 0.2370823575 0.22525011500000003 0.23747690875 0.2205087225 0.2395825075 0.2194969325 0.2449995125 0.22118327625 0.2566669075 0.2232068825 0.27041774125
2 0.244792085 0.39459206125 0.25625922625 0.41792678875 0.264353655 0.42792744125 0.272110845 0.42792744125 0.274809005 0.4254272625 0.27750714 0.41834349000000004 0.27244810875 0.39709217625 0.25929462375 0.36459018375 0.2518747225 0.35750641250000004 0.24883929875 0.3558396525 0.244792085 0.3583398 0.24175666125 0.3608399625 0.24007031874999998 0.36792371875 0.241082135 0.37709095125 0.244792085 0.39459206125
2 0.3523808075 0.30958680375000003 0.36991877 0.31833735 0.380374095 0.32167088499999996 0.388131285 0.31875403625 0.3921785 0.31625388875 0.39319031625 0.31333704 0.39319031625 0.30792004375000004 0.38981762875000003 0.30125296625000003 0.38577038874999997 0.29416920999999996 0.36587155625 0.2816684425 0.35743983874999996 0.2783348925 0.35136899125 0.2758347375 0.34500121 0.2759979325 0.33956458625 0.28083503875000004 0.33956458625 0.288335505 0.34226274625 0.2983361325 0.3523808075 0.30958680375000003
2 0.4535101325 0.364893515 0.45818503499999996 0.36275432875 0.46303309249999997 0.35890379375000003 0.46961259875000005 0.35141664125 0.4789624025 0.3381536825 0.4836373325 0.32702991124999997 0.48329102125 0.31761749125 0.4801744375 0.313766965 0.47446065625 0.3131252025 0.46753486625 0.31654789875 0.4565968425 0.328337955 0.44917694124999996 0.33917196250000003 0.44479243875 0.34792249374999995 0.442768805 0.3541728775 0.44445514875000003 0.36000657500000005 0.44704263625 0.3634510675 0.4481426625 0.36639096375 0.45022039375 0.36703270125000004 0.4535101325 0.364893515
2 0.33352084249999997 0.49355921125 0.33715688 0.50575256875 0.34235122124999995 0.509389195 0.34719926624999997 0.5098170262499999 0.35239360750000004 0.506180415 0.35533707625 0.49912109375 0.3574148075 0.49120611 0.35689538125 0.47259517625 0.35343248625 0.45291465875 0.34996959250000004 0.4439300825 0.34719926624999997 0.43922387 0.34529467625000004 0.4375125225 0.343216945 0.4375125225 0.34076445499999997 0.43885937875000003 0.33282826125 0.44286048875 0.33075051625 0.45056155750000004 0.331789395 0.471097745 0.33352084249999997 0.49355921125
2 0.39031230625 0.4383681925 0.39446778250000003 0.45056155750000004 0.39810381874999995 0.458262625 0.40191301125 0.46168532874999996 0.40641477125000003 0.46104357375 0.41108967375 0.45804870999999997 0.41299427625 0.44863628624999996 0.41212855249999997 0.42168253875 0.40831937375000005 0.39900716875000003 0.40624161625 0.39173392749999997 0.40364445875 0.38831122749999997 0.40156671375 0.3855302875 0.397238095 0.3859581225 0.39360205875 0.38895298250000004 0.39083174625 0.393445275 0.38910029875 0.40948917375 0.39031230625 0.4383681925
2 0.22863231125 0.50988177875 0.24243528874999998 0.52178703125 0.25441523875 0.5295093275 0.26379084249999996 0.53176168375 0.27160384875 0.53047462625 0.273947755 0.5279005112499999 0.27707295 0.52339584625 0.27785425875 0.5195346737500001 0.273947755 0.51245589375 0.26769734625 0.5031247575 0.25363393875 0.49089776 0.24243528874999998 0.48478427875 0.23305968375 0.48574954124999997 0.22863508124999998 0.48886844375000005 0.22316321125000002 0.49508067875 0.2218610425 0.49797654 0.22342364 0.5028029875 0.22863231125 0.50988177875
2 0.43489570375 0.52049997375 0.42499921999999996 0.5388404637499999 0.421874025 0.5513892324999999 0.422394885 0.56200742625 0.42760355625 0.57037326375 0.4309892 0.57166032125 0.43593742125 0.56908620625 0.44192742125 0.5645815175 0.45104259625 0.5504239325 0.45833470374999996 0.53497931625 0.46406427375 0.51824761625 0.46432468374999997 0.5069859062500001 0.4619807975 0.50215947 0.45720504875 0.502535215 0.45442819999999995 0.500550655 0.45208431375 0.499585355 0.44505261625000003 0.5076294462500001 0.43489570375 0.52049997375
2 0.53672522125 0.47899252 0.5447986775 0.47609664625000003 0.55339295375 0.47094844125 0.56146641 0.46161730375 0.5724046112500001 0.44134622749999997 0.57422763875 0.42879745874999997 0.5716233024999999 0.42461454000000004 0.569800275 0.42010986375000003 0.56615422125 0.41785751875000005 0.5625081275 0.41721399 0.5575599062500001 0.4197880925 0.5507886175 0.423327495 0.54297561125 0.4355544925 0.5302143825000001 0.45711262750000003 0.5263078787500001 0.46612199375 0.52656832875 0.47255725624999995 0.5298134575 0.474397745 0.53229785875 0.47963604875 0.5333395775 0.47963604875 0.53672522125 0.47899252
2 0.52031789875 0.5504239325 0.52682873875 0.5549286225 0.53412088625 0.558789795 0.54245475125 0.56200742625 0.558080765 0.562329185 0.5653729125 0.56039861125 0.5690189675 0.5581462537499999 0.57110244375 0.55525038 0.5739672287500001 0.5513892324999999 0.5747485375 0.54591926875 0.575790255 0.54205809625 0.5726650612499999 0.5372316487500001 0.5687585575 0.53240520125 0.5421943425 0.527256995 0.52943307375 0.52822229375 0.5224013750000001 0.530796385 0.51744072375 0.5342903600000001 0.51589053625 0.5394840049999999 0.5156300875000001 0.54495396875 0.516671845 0.54817160125 0.52031789875 0.5504239325
2 0.63377669125 0.42686688500000003 0.62335934875 0.43104980374999996 0.61580677125 0.4352327225 0.61320243625 0.43845035375 0.61190026875 0.44102446875 0.6105981 0.44424210000000003 0.6116398387499999 0.4464944325 0.6181506775 0.44874677749999997 0.6246615175 0.45035559375 0.63455798 0.45228618 0.6454962012500001 0.45228618 0.65825745 0.45164265125 0.6660704562499999 0.44456385875000004 0.66997694 0.438128595 0.67023739 0.4333021475 0.66789348375 0.4297627575 0.65929916875 0.4255798275 0.64888182625 0.42525806875 0.63377669125 0.42686688500000003
2 0.7014894175 0.5195346737500001 0.6926346925 0.5250046625 0.68247775875 0.53015286875 0.67414389375 0.5381969474999999 0.6731021749999999 0.54624102625 0.67232086625 0.55235453125 0.67726908875 0.5571809787499999 0.68117559125 0.55975507 0.68768643 0.55975507 0.7009685575 0.5539633475 0.714511095 0.54817160125 0.7244075787500001 0.5391622225 0.7277932225000001 0.53497931625 0.7293558 0.53272695875 0.7293558 0.5295093275 0.7277771900000001 0.52343733625 0.726491055 0.51921291625 0.7186780475000001 0.5166388 0.70826070625 0.5176041 0.7014894175 0.5195346737500001
2 0.8011213537499999 0.4452073875 0.7875788174999999 0.4490685475 0.77377583 0.45550381125 0.7696088775 0.45807791375 0.7662232725 0.46129554624999997 0.765181515 0.46483493625 0.765181515 0.46773080875 0.7680463000000001 0.47255725624999995 0.7722132125000001 0.47834901625 0.7771614750000001 0.4815666475 0.78341186375 0.48253191 0.7992983275000001 0.47834901625 0.8151847499999999 0.46869612125000004 0.81909125375 0.46322612 0.82091432 0.4606520175 0.82091432 0.45711262750000003 0.8195958950000001 0.4506818775 0.81648691875 0.44713796125 0.81153869625 0.4452073875 0.806850885 0.44456385875000004 0.8011213537499999 0.4452073875
2 0.81804953625 0.61081361625 0.8261229925000001 0.63655466875 0.8323733812499999 0.6465293225000001 0.83810291125 0.65103401125 0.8464367774999999 0.65199932375 0.85164544875 0.64620756375 0.8526872075 0.63751998125 0.8482598450000001 0.61724887875 0.83810291125 0.5934384 0.83315469 0.58185493125 0.8302899050000001 0.5786372987499999 0.82794601875 0.57702848375 0.82447986875 0.5785063850000001 0.82065387125 0.57799377 0.81804953625 0.58539432125 0.8172682274999999 0.5982648475 0.81804953625 0.61081361625
2 0.54761919625 0.6137094775 0.53668099375 0.61917945375 0.53095146375 0.62658000375 0.5314723225 0.6333370375 0.5356392562500001 0.64041583 0.542150095 0.6449205062500001 0.5484005049999999 0.64749461 0.5564739412499999 0.64620756375 0.577569075 0.635911165 0.5890281362500001 0.622718855 0.59241378 0.6195012237499999 0.59267423 0.61564006375 0.5887467399999999 0.6110654575000001 0.58460077375 0.6079177425000001 0.5819964375 0.60630892625 0.56923520875 0.6066306975 0.54761919625 0.6137094775
2 0.31840388625 0.5850725625 0.313195215 0.58957724 0.30329875125 0.61113537375 0.301215275 0.6214317975 0.3030383225 0.62883234875 0.30642394625 0.63655466875 0.31007002 0.63945053 0.31527869124999996 0.6371981975 0.3233521275 0.6294758775 0.33611337625 0.60373482375 0.33897814125 0.5944036874999999 0.33975945 0.59054253875 0.34001988 0.58603785 0.34001988 0.584107275 0.33793640375 0.580246115 0.33611337625 0.57702848375 0.33429035 0.57606319625 0.32908167874999994 0.5776720125 0.31840388625 0.5850725625
2 0.18662450875 0.61917945375 0.1741237 0.64009405875 0.17151936375 0.64781638 0.17334240125 0.657147505 0.17594673624999999 0.6616522175 0.17959280125 0.66326103375 0.1842806125 0.6619739525 0.1902705825 0.65843458625 0.19860444875 0.6497469537499999 0.21058440874999998 0.63365879625 0.21553263 0.62432767125 0.2170952475 0.62111004 0.21735567625000002 0.61821416625 0.21735567625000002 0.6153182925 0.21735567625000002 0.614996535 0.21528555375 0.60945760125 0.21449091125 0.60630892625 0.20954267000000001 0.60470011125 0.19652098250000002 0.61113537375 0.18662450875 0.61917945375
2 0.25017030125 0.7218219087500001 0.26501500624999996 0.7324401025 0.27959930125 0.74273651375 0.28923533500000004 0.7456323874999999 0.29496486625 0.74370181375 0.29835051 0.7404841812499999 0.29861094 0.7356577337500001 0.29809008 0.72922247125 0.2970483425 0.722465425 0.2879331675 0.7128125300000001 0.27491149 0.70509023375 0.2585041675 0.69929848625 0.25017030125 0.69672437125 0.24328700250000002 0.6970857225 0.24261772375 0.70380317625 0.2405342675 0.70734256625 0.24079469750000002 0.7115254962500001 0.25017030125 0.7218219087500001
2 0.35272902 0.7205348512499999 0.361323335 0.73984064 0.36627155625 0.7469194450000001 0.36965720124999996 0.749493535 0.37434501249999996 0.7475629612500001 0.37694934875 0.74852826125 0.38007454375 0.74434533 0.38111628125 0.73308361875 0.379553685 0.71377782875 0.37278239625 0.6941502812500001 0.36809460375 0.68481914375 0.36236505375 0.6790273975 0.35897942875 0.6761315612500001 0.35507292625 0.6751662487500001 0.3507344225 0.67658556625 0.34621818125 0.67934918 0.34413470375000005 0.6844973862499999 0.34595775125000006 0.69704615375 0.35272902 0.7205348512499999
2 0.40430297875 0.67090314875 0.41758508624999996 0.6840954225 0.42930459624999995 0.69149596 0.4376384625 0.69342655875 0.4464932075 0.6950353749999999 0.45039971125 0.6937483175 0.45170187875 0.68860011125 0.45248318750000005 0.6837736637499999 0.4496184025 0.6773384 0.43946151 0.6667202062500001 0.42722112 0.65771084 0.42097071125 0.6525626225000001 0.4168037775 0.6496667612500001 0.41367858375 0.6483797275000001 0.41159510625 0.648057945 0.40673732125 0.6480461325 0.40300081125 0.6503102775 0.40013602625 0.65481499125 0.39961516750000003 0.66189375875 0.40430297875 0.67090314875
2 0.6373584975 0.75053856 0.64412976625 0.77016610875 0.650901035 0.78721955375 0.65845361125 0.7968724487500001 0.6649644512499999 0.79944655125 0.6696522625 0.79815950625 0.674079665 0.78979365625 0.6761630825 0.7749925812499999 0.66913138375 0.75826086875 0.66183925625 0.7424944812500001 0.65558884625 0.73541568875 0.650901035 0.73123277 0.6485571287499999 0.72898042625 0.6457264325 0.72924283125 0.6399628325 0.73026747125 0.6370980675 0.7350939187500001 0.63683761875 0.740885665 0.6373584975 0.75053856
2 0.55818669125 0.7759578425 0.55375932875 0.786576025 0.5514154225 0.7939765875 0.55506149625 0.80073363375 0.55948885875 0.806203585 0.57876094625 0.79204600125 0.59673086625 0.77113139625 0.60037692 0.7618002712499999 0.60115822875 0.75697382375 0.6008977987499999 0.7515038475 0.5985146875 0.74692924125 0.5938660812500001 0.7434597687500001 0.58631352375 0.7434597687500001 0.5719896775 0.75439970875 0.55818669125 0.7759578425
2 0.479444925 0.792689555 0.47866361625000003 0.80298595375 0.47970535499999994 0.81038652875 0.4841327175 0.8145694225 0.491164435 0.8132823650000001 0.497154395 0.80813416 0.502883945 0.79655069 0.50809261625 0.7743490275 0.50965521375 0.7643743737500001 0.50965521375 0.756330295 0.50835304625 0.75118207625 0.50574871125 0.7473209287500001 0.50392568375 0.7447468137500001 0.49953282125000004 0.74371353 0.49194572375 0.74603387125 0.4867370525 0.7553650075 0.48204926125 0.77660139625 0.479444925 0.792689555
2 0.39141837375 0.8168217799999999 0.39141837375 0.8261528925 0.39350185000000004 0.8316228812500001 0.3976687825 0.8348405124999999 0.4041796225 0.83290993875 0.40938829374999997 0.82808349125 0.41511782375 0.81489118125 0.42188911249999994 0.7904371849999999 0.42397256874999995 0.77724490125 0.42345171 0.77016610875 0.42293083000000004 0.7682355350000001 0.42214954125 0.76630494875 0.4184588575 0.7646156512500001 0.414596965 0.76405260375 0.40496093125 0.775636085 0.39714792375 0.7939765875 0.39141837375 0.8168217799999999
1 0.6665540799999999 0.3615514125 0.6637966575 0.37420518625 0.6610392187499999 0.384182195 0.6582817799999999 0.39245581875 0.6582817799999999 0.39537592250000003 0.6584787375000001 0.39780934 0.6598574637500001 0.39999941 0.66281185875 0.3980526775 0.66596321 0.39610594624999995 0.67167504375 0.3926991575 0.6779777462500001 0.38296548625 0.68034125625 0.37444852375000004 0.68034125625 0.37055506 0.6870378875 0.36057805000000004 0.6921588362500001 0.3471942575 0.693143635 0.3418407275 0.6902659937500001 0.33670553625 0.68684093125 0.335513845 0.67975038625 0.33770392 0.671872 0.34743759124999996 0.6665540799999999 0.3615514125
1 0.71013224875 0.66612798 0.69628945125 0.676120545 0.69271209125 0.6828463087500001 0.6886681275 0.6884190875 0.6855573837500001 0.691109395 0.68337986125 0.693415365 0.6829132450000001 0.6964899975000001 0.6830687925 0.69860382125 0.68369093125 0.70033329125 0.68493523375 0.70148629125 0.68804597625 0.7026392762499999 0.6914677887499999 0.7036000987500001 0.695511765 0.7034079375000001 0.7071770525 0.70033329125 0.7177535724999999 0.69668217375 0.73237406875 0.6866896025 0.73424051 0.68342280125 0.7351737425 0.6809246612500001 0.7351737425 0.6795795075 0.73486266125 0.67823436 0.73424051 0.67746571375 0.7345515912499999 0.6743910674999999 0.7340849749999999 0.66939478125 0.7326851375 0.66651231125 0.7270858025 0.664974995 0.71013224875 0.66612798