2 0.09302321875000001 0.49271427500000003 0.10666754125000001 0.4854974225 0.11957433125 0.47491272 0.1313748125 0.4662524825 0.13690629375 0.45711112875 0.13690629375 0.44989427625 0.13543125375 0.44412080875 0.12989977375 0.43834730499999996 0.11773050375 0.43449833875000005 0.09744840625000001 0.44412080875 0.08232901625 0.46096013125 0.07532248250000001 0.47539383625 0.07458494875 0.48645965500000005 0.07892943375 0.48997217 0.08380408375 0.49367650625000004 0.0874917375 0.49319539125 0.09302321875000001 0.49271427500000003
2 0.19959641125000002 0.29593475874999997 0.20144023874999997 0.30218936 0.20475913250000002 0.3041138625 0.21213444125 0.30459497875 0.21803468124999997 0.301708245 0.2257787775 0.2949725075 0.2357354325 0.27668981875 0.24237322125 0.2560015125 0.2442170475 0.243973425 0.2442170475 0.23483208125000002 0.2442170475 0.23002084625 0.2442170475 0.22713410374999998 0.24126691375 0.22520961125 0.23568183125 0.22370908 0.22909764375000002 0.22424737875 0.21213444125 0.2502280275 0.19922765250000002 0.28198218875 0.19959641125000002 0.29593475874999997
2 0.27445579999999997 0.15544671 0.2696618375 0.15544671 0.264867905 0.15977681 0.2630240775 0.16362579875000002 0.26191777 0.16988041375000001 0.2630240775 0.17517275999999998 0.26634297125 0.18142737125 0.2729807325 0.18671973125000002 0.2814623475 0.1920120925 0.30248196374999997 0.19537996875000002 0.31280740625 0.194898825 0.320551475 0.19153096625 0.326451715 0.190568735 0.32940185 0.18816311625 0.33161449249999997 0.1857575 0.33124567624999995 0.18335186374999998 0.33203845125000003 0.1762264975 0.32350160875 0.1669936625 0.30580085875 0.16266356125 0.289206415 0.15737119249999998 0.27445579999999997 0.15544671
2 0.5016611950000001 0.26033163125000003 0.5178868775000001 0.28775565625 0.5274747725000001 0.29785926 0.53485008 0.302670495 0.54111910875 0.30363274625 0.5451755225 0.30363274625 0.54738811 0.29930262750000003 0.54996945625 0.2954536425 0.55107576375 0.28727454 0.5484944174999999 0.27765207000000003 0.538168975 0.2598504975 0.5259997049999999 0.24204893375 0.5215745312500001 0.23531319750000002 0.51714935875 0.23242646375 0.51383046375 0.23194533750000002 0.50815438 0.23092162375 0.50424256875 0.2357943225 0.500554915 0.24637904249999998 0.49981736750000005 0.25311477875 0.5016611950000001 0.26033163125000003
2 0.5141992237499999 0.5109969825 0.537431455 0.52013829875 0.54738811 0.5211005675 0.5562384850000001 0.51773268125 0.56066365875 0.5153270637499999 0.56066365875 0.50281786 0.557344765 0.49367650625000004 0.5459130425000001 0.48405403625 0.5274747725000001 0.470101485 0.51014281 0.4662524825 0.5016998699999999 0.4689355825 0.49907984749999995 0.47395045125 0.4987110875 0.48694080749999996 0.50202995375 0.49800662500000004 0.5141992237499999 0.5109969825
2 0.6524862775 0.43209272249999997 0.6617054125 0.42583810125 0.6794061062500001 0.40563093 0.69305047125 0.38638597124999996 0.6941567225 0.370990035 0.6893628175000001 0.3666599525 0.6801436825 0.364254335 0.6687119325 0.36810328249999996 0.6473235275 0.390234975 0.64068574 0.4032253125 0.63773566125 0.41236666624999996 0.63552304625 0.4239136 0.6363225175 0.428665545 0.6410545275 0.43642284 0.64621722 0.43546057125 0.6524862775 0.43209272249999997
2 0.64769231625 0.24060555749999998 0.6451109687500001 0.25648262875 0.6469547962500001 0.26658623375 0.649904875 0.27139746875 0.6569114512500001 0.27235971875 0.6653930662499999 0.26899185124999997 0.67461220125 0.25936938125000003 0.68383133625 0.23242646375 0.68456885625 0.218473875 0.68456885625 0.21029478125 0.68420006875 0.20500243875 0.68309376 0.19922894500000002 0.68272502875 0.19586107625000002 0.6778157987500001 0.19485890375 0.67350589375 0.194898825 0.6657617975 0.20115343625 0.6558051437500001 0.22039837625 0.64769231625 0.24060555749999998
2 0.87287188125 0.36661539875000004 0.8765595912499999 0.38778483874999997 0.8820910437499999 0.396926175 0.8879912575 0.397888425 0.8938915262499999 0.39500169125 0.8986854875 0.38778483874999997 0.9012668337499999 0.35699292875 0.90016052625 0.32908776875 0.8983167000000001 0.3170596725 0.8953665650000001 0.31128619625 0.8903536074999999 0.309658565 0.8835660837499999 0.31272956375 0.8780346025 0.31946529 0.8743469487500001 0.33534237125 0.87287188125 0.36661539875000004
2 0.80612534875 0.5440006337500001 0.79985632 0.5502552162500001 0.7924810125 0.55795319375 0.78694953125 0.56709453875 0.7825243575 0.57383026625 0.78031177125 0.5815282525 0.78031177125 0.588745105 0.78178683875 0.5954808225 0.7847369449999999 0.6002920575 0.78879335875 0.60365992625 0.7928498 0.60462217625 0.8017001475000001 0.60125430875 0.80944424375 0.593075205 0.81608200375 0.58297162 0.821982245 0.57238689875 0.82825127375 0.5637266799999999 0.8323076875 0.5584343375 0.83378275375 0.55554757625 0.83415151375 0.5521797175 0.83226301375 0.5446672975 0.8304638599999999 0.538708255 0.8241948600000001 0.5372648875 0.8112880699999999 0.5411138725 0.80612534875 0.5440006337500001
2 0.8304638599999999 0.8183975625 0.8319389275 0.8323501337499999 0.8334139949999999 0.8506328412499999 0.83562658125 0.86554769875 0.8393142349999999 0.8766134987499999 0.8452144762499999 0.8857548525 0.84816461 0.8857548525 0.85332730375 0.88142473375 0.8570149575000001 0.87805688375 0.8592275725 0.8746889975000001 0.8599650925 0.85592522875 0.8570149575000001 0.8323501337499999 0.85332730375 0.8102184975 0.84963965 0.80011487375 0.8470583025 0.7953036387500001 0.8411580625 0.7933791375 0.8359953412500001 0.79434138875 0.83304520625 0.7986714887499999 0.8304638599999999 0.8068505924999999 0.8304638599999999 0.8183975625
2 0.42899816125 0.68338065875 0.43452964125 0.6973332474999999 0.4400611225 0.70262559875 0.44485505625 0.70358784875 0.44928025750000006 0.70070109625 0.45333667125 0.6939653787500001 0.45554925875 0.683861775 0.45554925875 0.6670224525 0.44817395 0.632381575 0.44338001749999995 0.62035348875 0.4396923625 0.613136645 0.43526716125 0.6092876425 0.43342333375000003 0.60832541 0.42793403625000004 0.6131864674999999 0.42383543875 0.613136645 0.42051654499999996 0.62275910625 0.42051654499999996 0.63911729375 0.42899816125 0.68338065875
1 0.42944544375 0.0726258225 0.42439882625 0.08075931750000001 0.41875847625 0.08424511875 0.4166804625 0.08850551499999999 0.419649065 0.0947024675 0.422914525 0.10051211500000001 0.42796114125 0.10322328750000001 0.43805439874999996 0.10361060625 0.45289741499999997 0.10012481125 0.4686310225 0.09508978624999999 0.4781305675 0.09237861374999999 0.4834740175 0.08618166875 0.48406777375 0.08269586625 0.48377089625 0.0795973825 0.48228659375 0.07688621875 0.48109917125 0.07146388125 0.47456820625 0.06449229875000001 0.46150637000000005 0.0613938225 0.44191359124999996 0.06371768375 0.42944544375 0.0726258225
1 0.17445900749999999 0.728029075 0.18798625125 0.72867084625 0.19142954499999998 0.7304357324999999 0.19474987375000002 0.72883129375 0.1969634175 0.72754773875 0.2029891925 0.7278686274999999 0.20962984124999998 0.72738730875 0.21553263375 0.72401797875 0.22155840875 0.7193651175 0.22426385375 0.71503312 0.22561658625 0.7084549250000001 0.22500171125 0.70492515875 0.2240179075 0.70155584 0.22217328375 0.69818651625 0.21614750875 0.6957798574999999 0.20397299624999998 0.6949776387500001 0.18638757375 0.6965820775 0.17076975875 0.6989887349999999 0.16671158125000002 0.7009140625000001 0.16449802875 0.70251850125 0.1625395 0.704449125 0.16007093125000002 0.71294735125 0.1617925825 0.7193651175 0.16449802875 0.72465975 0.17445900749999999 0.728029075