2 0.211804065 0.27973013625 0.20538896999999998 0.28324741 0.19968667750000002 0.28836341625 0.19968667750000002 0.28996217125 0.19897390125 0.29443869625 0.19933029000000002 0.2973164425 0.20503258124999998 0.30115345625 0.20930932125 0.30179296125 0.22784177625000002 0.29923496125 0.25350210375 0.29667694375 0.26383752375 0.29475843625 0.2706090075 0.29188067875 0.2720345875 0.28964243125 0.27310375125 0.28676466125 0.27346016625 0.28452640125 0.27274736374999997 0.28036964000000003 0.2674305175 0.27809721374999996 0.26134277875 0.275253635 0.2527893275 0.2742943725 0.2328312925 0.27621288 0.211804065 0.27973013625
2 0.25207655125 0.43416988875 0.24102832875000002 0.4399253925 0.2374643925 0.44312290249999997 0.237108005 0.44695992875 0.2403155525 0.45015743999999996 0.24387948874999998 0.45431418874999996 0.2513637475 0.45687220625 0.2706090075 0.45335495000000003 0.296269335 0.44472165750000003 0.30874311 0.43800689125 0.31301985 0.43416988875 0.31123788125 0.42745512249999995 0.30874311 0.42201934 0.30339720625 0.42074033125 0.28807229875 0.42265885625000005 0.25207655125 0.43416988875
2 0.33440346499999996 0.33824457 0.33297788500000003 0.34719760875 0.33654182125 0.35327286999999996 0.340462145 0.35519138375 0.34580804875 0.35295312500000003 0.35293591999999996 0.34687785 0.369686435 0.32193727250000004 0.37788347125 0.29987445375 0.377170695 0.29188067875 0.37080252999999996 0.2876840175 0.36291495124999995 0.28868316875 0.35578708 0.29379918 0.34331330375 0.32065826375 0.33440346499999996 0.33824457
2 0.56476572875 0.25977098875 0.5708244087500001 0.28215356 0.5740319575 0.29046709375 0.57937786125 0.294623855 0.58401098875 0.29430409625 0.5893568925 0.29206584875 0.59185163625 0.28311281 0.59113886 0.2674450175 0.5879313125 0.2540154725 0.5850801525 0.246661195 0.58401098875 0.23834767375 0.58222902 0.23355140875 0.57973424875 0.23035389875 0.57652670125 0.2271563875 0.56908074375 0.22377199 0.56334015 0.22459837624999998 0.56013260125 0.22779588625 0.55977621375 0.23706867124999997 0.56476572875 0.25977098875
2 0.621432315 0.3457840175 0.6182247675 0.35409754 0.62036312375 0.36369007000000003 0.6257090275 0.3675270975 0.6331932874999999 0.36496907874999995 0.64174673875 0.358893805 0.6517257700000001 0.3425865075 0.66027922125 0.32531994750000004 0.6606355825 0.3173261725 0.6606355825 0.309652155 0.6606355825 0.30581514 0.654629995 0.302863125 0.64780541875 0.30261762999999997 0.64210312625 0.30837314625 0.63568805875 0.31860518125 0.621432315 0.3457840175
2 0.7017288225 0.40379115499999996 0.682127175 0.41018617625 0.67678127125 0.41274418124999995 0.6749993037500001 0.4159416925 0.6742865275 0.42009845875 0.67642488375 0.42457497250000004 0.6803452074999999 0.42809223500000004 0.6853347225 0.42969099 0.6906806262499999 0.42969099 0.70636195 0.426813225 0.7305967250000001 0.41754044749999997 0.7412885325 0.41018617625 0.74663443625 0.40570966249999996 0.7491291800000001 0.4025121525 0.7491291800000001 0.399634395 0.746990825 0.3954776275 0.7444960525000001 0.39355912 0.74021934125 0.391960365 0.7266763737499999 0.3945183775 0.7017288225 0.40379115499999996
2 0.8303869025 0.52305828375 0.83502003 0.5316915875 0.8485629962500001 0.548638365 0.86531348375 0.5681431725 0.8703030275 0.5729394375 0.8760052924999999 0.57389870125 0.88135119625 0.5719802 0.88491513125 0.56846294375 0.8852715474999999 0.56398642375 0.88313316375 0.5553531325000001 0.8674518675 0.53392982375 0.8588983887499999 0.5240175337499999 0.8528397087499999 0.5179422725 0.84713744375 0.5141052825 0.844642645 0.51250652625 0.83820443125 0.5113761175 0.8343072524999999 0.5131460075 0.8310997324999999 0.51538426625 0.8300305412500001 0.5198607737500001 0.8303869025 0.52305828375
2 0.7302403099999999 0.56942218125 0.726319985 0.5758172025 0.7245380175 0.58732823375 0.7273891775 0.59244427 0.735229825 0.594043025 0.74805998875 0.58508998625 0.7673052475 0.5620679225 0.77728427875 0.54671986375 0.77977902375 0.54256309125 0.7794226625 0.53808660875 0.7744880625 0.5341447775 0.768730855 0.5345693275 0.75875179625 0.5387260887499999 0.7444960525000001 0.5531148850000001 0.7302403099999999 0.56942218125
2 0.54741041625 0.47349687500000004 0.54455925625 0.477973395 0.5424209 0.48372891 0.5420645125 0.48724616750000005 0.54598483625 0.48916468 0.55239993125 0.48948442625 0.5648737075 0.48276966 0.57984222625 0.46806110625 0.59552355 0.45655007374999995 0.60550255375 0.44695754375 0.6051461662500001 0.44088226875 0.6020528512500001 0.43667893375 0.59338519375 0.43704527249999997 0.5812678062500001 0.44184153125000003 0.56166615875 0.45718957875 0.54741041625 0.47349687500000004
2 0.477557265 0.5252965675 0.47470611875 0.5268953225 0.47221136125 0.5300928325 0.4711421825 0.5329705725 0.4711421825 0.535848325 0.47363694 0.5393655925 0.47898284500000005 0.54064459 0.48432874875000004 0.54064459 0.49110021875 0.5393655925 0.50250481625 0.533610065 0.52638318875 0.5189015475000001 0.53315465875 0.51282624875 0.537431385 0.50802998375 0.5402825437500001 0.50291399625 0.5406389325 0.49811770625 0.53610863625 0.49579756 0.5317290925 0.49204243249999996 0.52068088375 0.49555970125000004 0.49359497625000004 0.5131460075 0.477557265 0.5252965675
2 0.5759219025 0.56558517875 0.59409797 0.57837522 0.6122740375 0.58764800375 0.6226094575 0.58828749625 0.6258170049999999 0.58764800375 0.6286681375 0.58477024 0.6290245525 0.5786949662499999 0.6275989725 0.57389870125 0.61049207 0.5604691675 0.58839567875 0.54416184625 0.581624195 0.5384063299999999 0.57806025875 0.5364878537500001 0.573090865 0.53734037875 0.56772484 0.5409643362500001 0.565230095 0.54608037125 0.56558648375 0.5524753925 0.5759219025 0.56558517875
2 0.276925985 0.548638365 0.28155908625 0.5531148850000001 0.29082534125 0.551835875 0.293320085 0.54576060125 0.290468925 0.5329705725 0.28619221375 0.5240175337499999 0.28048992125 0.51762251375 0.27443121375 0.50291399625 0.25910630625 0.49140293999999995 0.25005332625 0.49100415750000004 0.24770169500000003 0.49523994250000003 0.2509092425 0.50515223125 0.26837253375 0.535848325 0.276925985 0.548638365
2 0.34428437875 0.5531148850000001 0.347848315 0.56142840625 0.35497618625 0.5697419275 0.36210403125 0.57229994625 0.368162765 0.570381445 0.370301095 0.5643061699999999 0.36887554125 0.54991737375 0.36032206250000004 0.5163435175 0.3574709575 0.50898924625 0.35390699499999995 0.5057917362500001 0.34606634625 0.50419298125 0.34000763999999994 0.51090777125 0.338938475 0.52625579375 0.34250241125 0.5387260887499999 0.34428437875 0.5531148850000001
2 0.32931583125 0.63881962 0.34428437875 0.65480717125 0.35960928625 0.6723934774999999 0.368162765 0.6797477550000001 0.37386503 0.6800675012499999 0.37956735 0.6762304924999999 0.37992370999999997 0.6685564687500001 0.37315225375 0.65544667625 0.355332575 0.634023355 0.3496302825 0.6279480875 0.34392796375 0.624430825 0.34000763999999994 0.62187281875 0.33292916375 0.621224915 0.32895944374999997 0.62187281875 0.32468273125 0.62507032875 0.32503912 0.630825845 0.32931583125 0.63881962
2 0.1956682375 0.6762304924999999 0.206360045 0.6829452650000001 0.22845646375 0.6922180437500001 0.24556333875 0.69861306375 0.25625514625 0.70085132375 0.26231385375 0.6989328100000001 0.2648085975 0.6957353000000001 0.2648085975 0.6912587925 0.2612446625 0.6855032825 0.25126563125 0.6775095075 0.23736630250000001 0.66951573125 0.2202594 0.66312071125 0.20885481625000002 0.6615219562500001 0.20014959499999999 0.66196883375 0.196024625 0.66376020375 0.1945990725 0.6685564687500001 0.19352988125 0.6714342275 0.1956682375 0.6762304924999999
2 0.13900165125 0.75648799375 0.14327839 0.7711965475 0.14862429375 0.7839865887499999 0.15218823 0.7891026 0.15610855375 0.79134087125 0.16216723375 0.7897421162499999 0.164662005 0.7846260925 0.16501839375 0.76991753875 0.16216723375 0.7478547249999999 0.15931610125 0.72994866125 0.15753413375 0.724193145 0.15069143375 0.7218863600000001 0.14506035875 0.72227464375 0.13900165125 0.73058816625 0.138288875 0.7427387025000001 0.13900165125 0.75648799375
2 0.290468925 0.73666344 0.3068630525 0.732826425 0.3264647 0.7293091562499999 0.34178960750000004 0.72515239625 0.3467791225 0.720995635 0.3496302825 0.71524011875 0.347848315 0.7123623550000001 0.343571575 0.709164845 0.33359257124999997 0.705967335 0.31684205625 0.70724634375 0.28476663375 0.715559865 0.27193647 0.723233895 0.26801614625 0.72803016 0.26837253375 0.73154741625 0.27099507 0.73546766625 0.27585679375 0.7379424362499999 0.28227188875 0.73858194125 0.290468925 0.73666344
2 0.26302663 0.82491472875 0.24877088625 0.8322689875 0.24306859500000003 0.83642576125 0.24128662625 0.84378002 0.24449417499999998 0.8476170462499999 0.24877088625 0.848896055 0.25340401375 0.84985529375 0.2598190825 0.8492158012500001 0.26801614625 0.8463380375 0.28084631000000004 0.84090228 0.29581482875 0.83035048625 0.300804345 0.8220369650000001 0.3065066375 0.8150024275 0.30441274625 0.80976539875 0.299378765 0.8073284225 0.29225089375 0.8073284225 0.275500405 0.81628143625 0.26302663 0.82491472875
2 0.47221012875 0.7383495225 0.4679334025 0.7463432975000001 0.46650783625000003 0.7527383175 0.46900258 0.7588135925 0.47327930625000003 0.7613716225 0.47719964375 0.76233084875 0.48468390375 0.7610518512500001 0.492524565 0.7495408075000001 0.5014344049999999 0.7345125075 0.5071366975 0.7246002312500001 0.51319539125 0.71628670875 0.51604653625 0.711170685 0.51675932625 0.70829293375 0.511057035 0.7028571637500001 0.5064239075 0.7018979125 0.49787046875 0.70413616 0.48682226 0.7156472050000001 0.47221012875 0.7383495225
2 0.56130853875 0.6814338424999999 0.57948460625 0.68718935875 0.59053280125 0.6884683675 0.59979903 0.68718935875 0.60514493375 0.6852708574999999 0.607639705 0.68111409625 0.60657051375 0.6775968287499999 0.6044321575 0.6731203275 0.59017641375 0.66576604375 0.559170155 0.65457475875 0.54919115125 0.65201674625 0.5431324437499999 0.65105749625 0.5378909125 0.6515831287499999 0.53564818375 0.654894505 0.5363609875 0.66192904125 0.54455802375 0.672161065 0.56130853875 0.6814338424999999
2 0.641497095 0.7441050375 0.6382895475 0.74730254875 0.6365075800000001 0.75241857125 0.6382895475 0.7565753574999999 0.6457738075 0.7594530962499999 0.67392890625 0.7549766025 0.6913921974999999 0.7498605662500001 0.702084005 0.7457037925000001 0.7124193975 0.73739029625 0.7116628300000001 0.7302748137499999 0.7063607175 0.727477995 0.6807003899999999 0.730675505 0.6439918400000001 0.7431457874999999 0.641497095 0.7441050375
2 0.770155175 0.66576604375 0.7783522387499999 0.6702425575 0.7819161737500001 0.6702425575 0.7865493012500001 0.6696030525000001 0.791895205 0.66512655125 0.79046959875 0.65841176625 0.785123695 0.65041799125 0.7769266312499999 0.6433834724999999 0.76623482375 0.635069945 0.75447385125 0.6267564175 0.74984072375 0.62355890625 0.7455640124999999 0.6216404 0.7377233637499999 0.619721895 0.7290400225 0.61683096375 0.724536785 0.621000905 0.7241803962500001 0.62483791 0.7305954925 0.63347119 0.770155175 0.66576604375
2 0.7776394625 0.7725629075 0.77870859875 0.7811961637500001 0.7812033975 0.78599242875 0.79260798125 0.78599242875 0.80258701375 0.7738418925 0.80900205375 0.7552963237500001 0.8114968525 0.73355325625 0.8093584699999999 0.7249199762499999 0.80650731 0.72044347 0.80329979 0.7172459600000001 0.7994399275 0.7186907587499999 0.79367717375 0.72012371125 0.78904404625 0.7281174862500001 0.7829853662499999 0.7495408075000001 0.7776394625 0.7725629075
2 0.870658155 0.70861268 0.8781424425000001 0.71820521 0.8884778350000001 0.73195450125 0.89560570625 0.7415470325 0.90629751375 0.74890130375 0.9141381625 0.74762230625 0.91948406625 0.7434655462499999 0.91841492875 0.73419276125 0.9144945775 0.727477995 0.90772312125 0.7150077 0.8902598025 0.6990201487500001 0.88134996375 0.6923053825 0.8781424425000001 0.6907066275 0.8720837625 0.68942761875 0.86894869375 0.6911286962500001 0.86388669875 0.69422388375 0.86353028375 0.698380645 0.8649558912499999 0.70221765875 0.870658155 0.70861268
2 0.51429707875 0.8981295925 0.51607904625 0.9035653875 0.52178131125 0.9074023775000001 0.53033479 0.90228635375 0.53710624625 0.88981607125 0.54565967 0.8674335000000001 0.551718405 0.85048669875 0.55243118125 0.84473117 0.5502927975 0.84057440875 0.548867245 0.8386559075 0.54279217125 0.83772691125 0.53282953375 0.84345217375 0.5232069175 0.8584804737499999 0.51465343875 0.88342105125 0.51429707875 0.8981295925
2 0.31400386625 0.89301358125 0.32932877374999997 0.9144369025 0.33823861375 0.92370967375 0.34572287375 0.9240294325 0.348217645 0.92275044875 0.35106877750000004 0.9185936625 0.3499996125 0.9093208787499999 0.34607928875 0.90228635375 0.33859500124999997 0.8901358175 0.330397965 0.87926429 0.32505206125 0.8735087625 0.32006254624999997 0.869032255 0.3147166425 0.8671137412500001 0.309759575 0.868484575 0.30651957875 0.87191000625 0.30616319125 0.87606678 0.3072323825 0.880863045 0.31400386625 0.89301358125
2 0.26874186375000003 0.97742785625 0.28513596375 0.978706865 0.31400386625 0.9771081100000001 0.3271904175 0.97391059875 0.33360551375 0.9684748175 0.33538748124999995 0.96495756125 0.33217993375 0.9608007875 0.32754680625 0.95792304875 0.31649861 0.95536503 0.27444415625 0.95408602125 0.26197038 0.95664403875 0.2540634475 0.9603581162499999 0.2541297325 0.96335880625 0.25306054125 0.9665563162499999 0.25341695625 0.96975382625 0.26874186375000003 0.97742785625
0 0.15294110375 0.52240913 0.14291974500000001 0.50277569 0.137295515 0.49139931 0.13494356875 0.488004745 0.13392098125000002 0.48681205875000005 0.12931933875 0.48864696 0.12257026375 0.49158280249999997 0.12042282500000001 0.493509445 0.12001379625 0.49506910875000004 0.11960475875 0.49580306999999996 0.1174573275 0.49571132875 0.11510537375 0.49571132875 0.11398052874999999 0.49690400875 0.11438956624999999 0.49919763500000003 0.11715054875 0.507821665 0.12338832875 0.51956502875 0.13289839375 0.5337855025 0.14026102 0.5403911475000001 0.14363556125000002 0.54185906625 0.14649879999999998 0.54195081 0.1484417175 0.54158382875 0.14973266625 0.5406744287499999 0.1525320675 0.5388314775 0.155088535 0.5344277212499999 0.15498627875 0.5297487275 0.15294110375 0.52240913
0 0.46951361249999995 0.44705649625 0.48037817625 0.46626056125 0.48864820875 0.48124555125 0.492053515 0.48561011625 0.49481020000000003 0.48561011625 0.5008100249999999 0.48226394874999995 0.5042153312500001 0.47979069750000003 0.5108637875 0.47586259750000004 0.5081071149999999 0.46582411749999997 0.4998370825 0.45011169125 0.490594095 0.4368725225 0.48605369000000004 0.43352635999999994 0.48135111875 0.43119859374999997 0.47697287000000005 0.430762145 0.474027935 0.432451455 0.4704865675 0.43367185124999996 0.46805420499999995 0.4355631575 0.46740557250000003 0.4403641725 0.46951361249999995 0.44705649625
0 0.6613709799999999 0.49897761625000003 0.65083055625 0.48631524249999997 0.6424339562500001 0.47830108625 0.63921823 0.47461457125 0.63707442125 0.4752557025 0.62957107625 0.47862164999999995 0.62492613375 0.48070533374999996 0.62367558125 0.48230816625 0.6265339974999999 0.48743722624999997 0.6286778199999999 0.49272657000000003 0.63117892625 0.497535065 0.63957554 0.50667120875 0.6520811237499999 0.51837188 0.6576193075000001 0.5212569825 0.6644080575 0.52253924625 0.6660159075 0.5220583975 0.6676455975000001 0.52008877125 0.6699462425 0.51708961625 0.6697675937500001 0.5132428225000001 0.6674451225 0.50747262375 0.6613709799999999 0.49897761625000003
0 0.8420858099999999 0.41250416 0.84001519375 0.40494053 0.83439492375 0.3900786675 0.8269998362500001 0.3738898475 0.8244855112499999 0.36831664625000005 0.8224148737500001 0.3663262175 0.81827364375 0.3667243025 0.81635091625 0.36606082624999997 0.81339288125 0.36698969374999996 0.8074768 0.37110324624999996 0.805258275 0.37243019875 0.80244815 0.373359065 0.8018565412499999 0.37402254 0.80244815 0.377870705 0.805554085 0.38609781249999997 0.8093995275 0.3900786675 0.81147015375 0.39246718125 0.8172383125 0.407992525 0.8250771100000001 0.41834275249999997 0.83114109 0.42232360874999997 0.83616974 0.4228543875 0.83841503125 0.42294564625 0.84090259125 0.4216601325 0.84238160875 0.41860814375 0.8425295187499999 0.4156888475 0.8420858099999999 0.41250416
0 0.6257392975 0.8359427825 0.6430000237500001 0.81845264 0.656808595 0.8040597062499999 0.6582300750000001 0.8015090637500001 0.65701165875 0.8004159249999999 0.6557932575 0.7991406075 0.65457485625 0.79768309 0.6531533912499999 0.7945858825000001 0.6521380550000001 0.7922174200000001 0.65071657375 0.7911242887500001 0.64706137125 0.7900311575000001 0.64198468625 0.7896667775 0.639344805 0.7874805087500001 0.6377202599999999 0.78839145375 0.631425175 0.79440368875 0.61355525625 0.8155376187500001 0.61030616625 0.82428269 0.6099000375 0.8290196012500001 0.6107123099999999 0.8332099475 0.6131491125 0.8366715562500001 0.61722842125 0.83834299625 0.6198503412499999 0.8388578112499999 0.62228714375 0.8381290525 0.6257392975 0.8359427825
1 0.73638251 0.2164101325 0.75431928125 0.22953419625 0.77277847375 0.24140834375 0.7818339225 0.245314315 0.78792894 0.24578303625 0.7919342425000001 0.24437689625 0.79419811125 0.24062715 0.79489467375 0.2395334825 0.793675675 0.23718990125 0.79054109 0.23297145125 0.7832270737499999 0.22375335875000002 0.7731267549999999 0.21750380625 0.7569314174999999 0.21000434375000002 0.7475276875 0.20531717875 0.743696525 0.20375479 0.74073609375 0.20297359625 0.738472225 0.2031298325 0.7370790862500001 0.20359855375 0.7348378475 0.20521428625 0.7323772074999999 0.20641085125 0.7322030662500001 0.2095356275 0.7325513612500001 0.21187920999999998 0.73638251 0.2164101325