2 0.17651711875 0.36592404500000003 0.17571393749999997 0.38387741875000003 0.17932830125 0.39429038 0.18334427 0.40111266749999996 0.18736024 0.40649867875 0.19137620875 0.40793494125 0.19820337500000001 0.40506243124999997 0.20422733 0.39069970499999995 0.20623531374999998 0.36843752 0.20703849625 0.3580245725 0.206636905 0.34797067249999997 0.20543210250000002 0.34186653749999996 0.20462892 0.3382758625 0.20302252625 0.336480525 0.19741901750000002 0.3342716675 0.19258101249999998 0.33468518875000003 0.18495066375 0.33935306249999997 0.17812354375000003 0.35227948499999995 0.17651711875 0.36592404500000003
2 0.19659698125 0.4528183725 0.20462892 0.458922535 0.21466884375 0.46323133375 0.24157582625 0.47041268375 0.2568365225 0.47292614374999997 0.2636636575 0.473644295 0.27530997500000004 0.46969455875 0.27691636875000003 0.4675401325 0.27812114125 0.46179505875 0.27571156625 0.4578453225 0.27169559625 0.45245931 0.2568365225 0.44707329875 0.2271183425 0.43881475000000003 0.20864489 0.43450593750000005 0.20503051125 0.4337878275 0.19641485125 0.43564767000000004 0.1929826025 0.43917383875 0.1917778 0.44420076125 0.19217942125 0.44743236000000003 0.19659698125 0.4528183725
2 0.3106505175 0.3131411475 0.3279191675 0.319604345 0.34398304500000004 0.32319502 0.3532197875 0.3213996825 0.3600469225 0.31780900875 0.35964533125000003 0.31206393375 0.3556293625 0.30631885375 0.35081021125 0.3009328425 0.33836068124999996 0.29446963 0.309847305 0.2854929375 0.2982009875 0.28297946875 0.29057067125 0.2811841325 0.28126687499999997 0.28313510000000003 0.27530997500000004 0.28836548125 0.27771955 0.2948286925 0.29057067125 0.30560071625 0.3106505175 0.3131411475
2 0.32189521374999996 0.408653105 0.34518784875 0.41583445500000005 0.35964533125000003 0.41798882625 0.36928366375000005 0.41870696375 0.378118785 0.41619348875 0.3769140125 0.40649867875 0.36767727 0.397881055 0.34277827250000004 0.38818623 0.31306009375 0.3799276825 0.30824091124999997 0.37920954375 0.29833769625 0.38092257125 0.29458664 0.38567275500000003 0.29498823125 0.3910587675 0.30101218500000004 0.397881055 0.32189521374999996 0.408653105
2 0.47530523125 0.2948286925 0.47209250500000005 0.30236912374999997 0.47410048875 0.30883232875 0.48173080625 0.3135002025 0.49618832124999995 0.3095504725 0.51064577375 0.2998556425 0.53313522625 0.28477480624999996 0.54397833125 0.27651625125 0.5463879375 0.274361855 0.54799430125 0.27184837625 0.54799430125 0.27005303999999997 0.5455846950000001 0.26538516875 0.53474159 0.26323075875 0.52229212125 0.26394889375 0.49618832124999995 0.2786706575 0.47530523125 0.2948286925
2 0.48293560999999996 0.37633700750000004 0.49337709375000005 0.39393131750000004 0.50502344125 0.41224378 0.51747291 0.42552925125 0.52430010625 0.42804272625 0.53032406 0.42660647875 0.53474159 0.42373391374999997 0.53715119625 0.4176297925 0.53755275625 0.4140391175 0.53112724125 0.40470334125 0.51305538 0.37418260750000004 0.50301545625 0.35910177249999997 0.49779468375 0.3551520225 0.49056592625 0.35551109750000004 0.48414041249999995 0.35694735875 0.4821324275 0.35910177249999997 0.48092762499999997 0.36520592125 0.48293560999999996 0.37633700750000004
2 0.7223533512500001 0.37028698749999994 0.7283773050000001 0.40224399 0.7348028499999999 0.42163363750000005 0.73841722875 0.42666058749999997 0.74323638 0.4302512625 0.74926033375 0.43096938625 0.754079485 0.42594245000000003 0.75568587875 0.4105025525 0.75247312125 0.38788129875000005 0.74725234875 0.367414465 0.7436379700000001 0.35951497125000004 0.7392204099999999 0.35376989000000003 0.736810835 0.35233362125 0.7316353062500001 0.35266289 0.72677091125 0.35520615874999995 0.72355812375 0.35736056499999996 0.7211485475 0.36059217125000004 0.7223533512500001 0.37028698749999994
2 0.8368084475 0.53079013625 0.84162766 0.53079013625 0.8685346425 0.5293538875 0.89263045875 0.524686 0.9082927150000001 0.521095325 0.9159230925 0.51714558875 0.91913582 0.5131958525 0.91953744125 0.5081689025 0.9183326375 0.5052963524999999 0.91552147125 0.5017056775 0.91030069875 0.4991922025 0.90507992625 0.49739686499999997 0.89785123125 0.49739686499999997 0.8817873537500001 0.4991922025 0.861305885 0.503501015 0.8488563550000001 0.508527965 0.836068565 0.51504392 0.8319892962500001 0.521095325 0.8331941 0.5243269375 0.8368084475 0.53079013625
2 0.69200415375 0.26228164 0.6811609875000001 0.26551324625 0.67594027625 0.27125832 0.67513703375 0.27664433125 0.6763418375000001 0.27915780625 0.679554625 0.28167128125 0.6859802 0.28490289375 0.69441369875 0.28490289375 0.72172230375 0.28418475625 0.7434085137499999 0.28274848124999996 0.75746440625 0.28095314375 0.76188199625 0.2795168825 0.7627644512499999 0.2710238075 0.7534484362499999 0.266590445 0.72292710625 0.26156351625 0.7040520625000001 0.26120443375 0.69200415375 0.26228164
2 0.78096323375 0.61090882375 0.799035095 0.62347618375 0.8179101387500001 0.63460727 0.8275485025 0.64071140625 0.83919478875 0.6414295575 0.84521874375 0.63891606875 0.8464235462499999 0.62922125875 0.8420059550000001 0.62275803375 0.83437563875 0.6127041612499999 0.824335715 0.60480466 0.80465742875 0.5947507875 0.790199975 0.59080105125 0.7858602675 0.5908516375 0.77694726375 0.5929554512499999 0.7721281125 0.59726424875 0.77092331 0.6004958625 0.78096323375 0.61090882375
2 0.63317554875 0.578951815 0.65004263875 0.59726424875 0.6604841525 0.6091134862500001 0.6669096975 0.6202445725 0.6725320600000001 0.62527152125 0.68217039375 0.62455337 0.68819431625 0.62096269625 0.6906039225 0.61414043625 0.68498159 0.6001368 0.67654803 0.58649222625 0.66008256125 0.56817979125 0.6532553950000001 0.56423004125 0.6476330325 0.5620756687499999 0.635235375 0.55945199125 0.62996279125 0.56099844125 0.6283563974999999 0.56494817875 0.62915957875 0.5696160525 0.63317554875 0.578951815
2 0.593015855 0.46764090375 0.59984302125 0.48415800124999997 0.6070717475 0.49098028875 0.61630849 0.49026215125 0.62152923125 0.48703053875 0.62353721625 0.4820036025 0.62273403375 0.47051344125 0.61630849 0.4522010125 0.60867814125 0.43927457 0.60185100625 0.427784415 0.59582705125 0.42096213499999996 0.5898030975 0.41701239125 0.58050833 0.417705015 0.5749439925000001 0.42239840375 0.5749439925000001 0.42850254625 0.5793615525 0.43927457 0.593015855 0.46764090375
2 0.54763542 0.49026215125 0.53036673875 0.5179103475 0.52313798125 0.53047770875 0.5223348 0.535504645 0.52153161875 0.54053162125 0.524342785 0.54591763375 0.52675236 0.548072005 0.53076833 0.54914921875 0.53679228375 0.548072005 0.545627435 0.54340413125 0.55687213 0.53119584625 0.5705264325 0.50642018625 0.57373922 0.4931346875 0.5749439925000001 0.48631241375 0.57414081125 0.4809264025 0.56771526625 0.47913106499999997 0.5636992974999999 0.47769479 0.5584785250000001 0.47841292750000003 0.54763542 0.49026215125
2 0.46410324375 0.6202445725 0.456071305 0.628144045 0.45446491125 0.6328119325 0.45526812375 0.63712073125 0.45968568374999996 0.641070495 0.46932401625 0.641070495 0.4837815 0.63712073125 0.49823898375 0.6299393825 0.52273639125 0.608754425 0.5331779050000001 0.596546125 0.53331253 0.58816024 0.52594917875 0.58541504 0.519925225 0.58469688875 0.49783739375 0.5969051875 0.46410324375 0.6202445725
2 0.39087358 0.488825875 0.38725920125 0.49852069875 0.38926718625 0.50462484875 0.39529114 0.50821552375 0.40011029125 0.508574585 0.4073390475 0.50534298625 0.42059175875 0.48128546499999997 0.42942687874999996 0.46261395375 0.43143486375 0.44896939375 0.43183645499999995 0.4389155075 0.4305561625 0.43635187375 0.42794830125 0.43355384125 0.42620972875 0.4327766125 0.4233563575 0.43295627125 0.41737897125 0.43352949625000003 0.41015021375000005 0.43927457 0.40011029125 0.4640502225 0.39087358 0.488825875
2 0.31135737375 0.56063936625 0.307742995 0.578233705 0.3065382225 0.5872103775 0.3085462075 0.5951098499999999 0.3105541925 0.601573075 0.31778291875000003 0.60480466 0.32220051 0.603727475 0.32742125125 0.6004958625 0.3342484175 0.58326061375 0.34509152249999997 0.539454395 0.34509152249999997 0.53047770875 0.33800225125 0.5244638137500001 0.33063403874999997 0.52365542125 0.32099570624999996 0.5315549075 0.31577493375 0.54663574375 0.31135737375 0.56063936625
2 0.12076891 0.5760792775 0.1344232125 0.57248860375 0.14084875625 0.56674351625 0.14165193875 0.5599212425000001 0.1392423625 0.558484995 0.12598965125 0.554176155 0.07579003499999999 0.54555854375 0.06575011124999999 0.54448133125 0.058521384999999995 0.54519946875 0.0523170375 0.5504806637499999 0.04968623375 0.5574077675 0.06052937 0.56494817875 0.07940441375 0.5721295275 0.12076891 0.5760792775
2 0.18020523749999998 0.56458911625 0.15892061875 0.56674351625 0.1500854675 0.571052355 0.14647112 0.575002065 0.1456679075 0.57931087625 0.148880695 0.58469688875 0.15249507375000002 0.589005715 0.16574775500000002 0.5918782375 0.2010882975 0.5922373000000001 0.21875856875 0.59116011375 0.22638888625 0.5882875625 0.23000326375 0.58505595 0.23005441125 0.57963747875 0.22960167375 0.573924865 0.21875856875 0.56889792875 0.20269469125 0.56530725375 0.18020523749999998 0.56458911625
2 0.09145232125 0.6749616387499999 0.097476275 0.69937823 0.10149224500000001 0.7051233037500001 0.10631142625000001 0.70835491625 0.114343365 0.7047642424999999 0.11996569750000001 0.69578755625 0.12036731875 0.6771160387499999 0.11594972875 0.6501859862499999 0.10952418375 0.63546421875 0.1071146075 0.6311554075 0.10390181999999999 0.6257693950000001 0.0970024225 0.6262883825 0.09105073000000001 0.62612846375 0.08623158 0.6336688825 0.08703476125 0.6483906487500001 0.09145232125 0.6749616387499999
2 0.140045545 0.7133818525 0.13201360625 0.72343573875 0.1324152275 0.7306170875 0.140045545 0.7349259 0.15570783125 0.73169430125 0.17940205625 0.711586515 0.19345794875 0.69076060625 0.1966707375 0.68286111875 0.19747391875 0.67855231375 0.19867872125000002 0.6763979075000001 0.19390443625 0.674284985 0.19024516125000002 0.67352536375 0.18141004125 0.67567977 0.15329825625 0.697941955 0.140045545 0.7133818525
2 0.14606949875 0.8042259300000001 0.17297651125000002 0.8035077775 0.1798036475 0.80171244125 0.1842212075 0.7970445662500001 0.18582760125 0.790581355 0.183016435 0.78663161875 0.17699248125 0.78268186875 0.16655096749999998 0.77909119375 0.13803756 0.77729585625 0.11996569750000001 0.77729585625 0.10952418375 0.77909119375 0.10350023 0.7812456075 0.0950667 0.7844772062500001 0.09105073000000001 0.7880678799999999 0.09265712499999999 0.794890195 0.09586988125 0.7988399175 0.11072898625000001 0.8024305925 0.14606949875 0.8042259300000001
2 0.2767268425 0.80575275375 0.27993963125 0.81544759125 0.28636517625 0.8215517275 0.29319231125 0.82083360375 0.29760990249999997 0.81724292875 0.30242905375 0.81006158 0.30724820375 0.7755911225 0.30965781 0.75548332375 0.30764982625 0.74542942375 0.30564184125 0.741120625 0.294823115 0.7388785437500001 0.28756997875 0.7439931625 0.28234920625 0.75656052375 0.27712843374999996 0.7834905825 0.2767268425 0.80575275375
2 0.36266859375000005 0.6632029787499999 0.36025901875000005 0.670025265 0.3618654125 0.67612940875 0.36788936624999996 0.67900195125 0.376322895 0.680079165 0.4008203025 0.6782838275 0.42612092250000005 0.67325687125 0.44097999625 0.6685889899999999 0.4457991475 0.660330455 0.444594375 0.657457905 0.44143134500000003 0.6514081 0.43254646625 0.64740401125 0.4092538325 0.64919934875 0.3707005325 0.6588941724999999 0.36266859375000005 0.6632029787499999
2 0.40684425625000004 0.72819418875 0.414474605 0.72819418875 0.42491611874999996 0.72568071375 0.436160845 0.722449115 0.44981511625000004 0.7167040275 0.46146143375000004 0.7113180162499999 0.47109976625 0.7034185425 0.47752531125 0.6958781175 0.4779269025 0.69049210625 0.47752531125 0.68546517 0.4739109325 0.682951695 0.4674853875 0.68187449625 0.45824867625000004 0.6843879574999999 0.42531771 0.70018693 0.40363146875 0.7091636162499999 0.39760751499999997 0.7167040275 0.39875429124999995 0.7209358887499999 0.39921390875 0.72603979 0.4028282875 0.7278351275 0.40684425625000004 0.72819418875
2 0.41206502875 0.79103099375 0.41126181625 0.796417005 0.41326980125 0.801443955 0.4221049525 0.8053936912499999 0.43053848250000004 0.8064709050000001 0.4542327075 0.7956988675 0.47471414500000003 0.7827724725 0.47993488749999996 0.777745495 0.48595884125 0.76446001 0.4831042325 0.7613068625 0.47672212999999997 0.75763775 0.4650758125 0.7587149225 0.427727285 0.7791817974999999 0.41206502875 0.79103099375
2 0.59983086875 0.7296304637500001 0.5954132775000001 0.74183875 0.59902765625 0.74722476125 0.60545320125 0.7497382362499999 0.6126820187500001 0.75009731125 0.6231234725 0.7429159625 0.6391873499999999 0.7231672525 0.65043207625 0.7030594675 0.65244006125 0.6901330437500001 0.65244006125 0.684028895 0.64521130375 0.68115635125 0.64079377375 0.680079165 0.63115541125 0.6858242325 0.619910685 0.697673455 0.59983086875 0.7296304637500001
2 0.783190575 0.76553721 0.7839937874999999 0.7723594825000001 0.78800975625 0.77738646 0.8056799975 0.7784636325 0.81853114875 0.77415482 0.84061898 0.76517813375 0.8586908425 0.7526107725 0.8635099925 0.741120625 0.8631083712500001 0.7357346137499999 0.86110038625 0.73393927625 0.85514771875 0.7299072162500001 0.84463494875 0.73250300125 0.8040736337500001 0.75225173875 0.78961615 0.7587149225 0.783190575 0.76553721
2 0.74503056375 0.82991211875 0.72816347375 0.82991211875 0.715713975 0.83170745625 0.707280445 0.8342209175 0.7020596725 0.8392478674999999 0.7040676575 0.84499294125 0.71209959625 0.85181522875 0.73137626125 0.8539696275 0.7562752899999999 0.85325150375 0.77434715125 0.85181522875 0.7835838325000001 0.848583615 0.79121421125 0.84499294125 0.793893595 0.8384602800000001 0.7916157712499999 0.83242558 0.7851902562499999 0.8295530437499999 0.7735439087500001 0.8277577062500001 0.74503056375 0.82991211875
2 0.63418978375 0.9444546287500001 0.64141854125 0.9580992025 0.64824567625 0.96276706375 0.65748241875 0.9613308150000001 0.66230157 0.95953547875 0.66270316 0.9527131912500001 0.66230157 0.94481369125 0.6614983875 0.93799143125 0.656277615 0.92362874625 0.647442495 0.9045981462500001 0.6418201324999999 0.89777586 0.6370009812499999 0.8934670475000001 0.6333866025 0.89095358625 0.62937063375 0.88844011125 0.6221812175 0.8895968474999999 0.61892911875 0.89167171 0.617322725 0.8959805224999999 0.6197323 0.9067525462499999 0.63418978375 0.9444546287500001
2 0.55668159375 0.88161782375 0.5550752 0.8931080124999999 0.55788636625 0.90423907125 0.56350873 0.90890695875 0.56832788 0.90890695875 0.5735486525 0.9067525462499999 0.5779662125 0.89885305875 0.58479337875 0.88161782375 0.5948333025 0.84930175375 0.5948333025 0.84535201625 0.5948333025 0.84319760375 0.59403009 0.8403250662499999 0.5885416575 0.8384602800000001 0.5843917574999999 0.8370934674999999 0.5747534562500001 0.84714735375 0.5627055475 0.8640235275000001 0.55668159375 0.88161782375
2 0.46592067625 0.91070229625 0.49122128125000003 0.9297328687499999 0.522947445 0.94481369125 0.5285698087499999 0.94301835375 0.53338895875 0.938709555 0.5325857775 0.9318872675000001 0.52575861125 0.92183340875 0.5153170975 0.91034322 0.50286759875 0.9038800362499999 0.49523724999999996 0.9002893625 0.48519732625 0.89490335 0.47837017625 0.8923898475 0.47435420624999997 0.89059451 0.46753965999999997 0.8918396799999999 0.4639126925 0.8934670475000001 0.460699905 0.8966986875 0.45989672249999997 0.90136653375 0.46592067625 0.91070229625
1 0.39131562625 0.605858055 0.38606095125 0.61262346 0.38501001625000003 0.615818245 0.38501001625000003 0.61807337625 0.38669151874999996 0.61920094125 0.38732207 0.62295950125 0.38921375625000004 0.62559049625 0.39173600999999997 0.6267180612500001 0.40140460875 0.62465085625 0.40918152125 0.62314742625 0.42536593000000006 0.6098045400000001 0.44911705249999995 0.5887566025000001 0.45374117625 0.58029984125 0.45437172750000004 0.57672921375 0.45353097624999994 0.57315857875 0.45248004125 0.57184308125 0.450798555 0.5701517337500001 0.4470399525 0.56776722375 0.44218089125 0.56695695625 0.43419377875000004 0.56883623625 0.41758900125 0.58123948125 0.39131562625 0.605858055
1 0.20762257875 0.77707400375 0.21395753375 0.80098900875 0.21923666625 0.8123171637500001 0.226979395 0.8164078925 0.23137867 0.8171945700000001 0.235601965 0.81357585375 0.24017722375000003 0.79878630875 0.23894541749999998 0.7884021649999999 0.23225852625 0.77738867625 0.23120268875 0.7681058762499999 0.228739105 0.7608684462499999 0.2250437025 0.75504702625 0.2208204075 0.750798965 0.21730098625 0.748281595 0.21466142125 0.74718024625 0.21080576625 0.74756601375 0.20586286874999998 0.74985495125 0.20339927124999999 0.7545750237500001 0.20304732125000002 0.7610257762499999 0.20762257875 0.77707400375
1 0.40020454875 0.8559770725 0.40058936250000005 0.88269960125 0.40700302374999997 0.90185266 0.41085121999999996 0.91011027125 0.41713661 0.91205998 0.42431990875 0.9078164925 0.42880947124999996 0.89921481875 0.42983566125000006 0.885566825 0.42906602374999997 0.85987649875 0.42855292875000006 0.84244377375 0.42701365375 0.83372741125 0.42431990875 0.8299426775000001 0.41906070874999996 0.8276488987499999 0.41586954875000004 0.82661442875 0.40995331125 0.8278782737500001 0.40315482625 0.8343008562500001 0.40020454875 0.84290253375 0.40020454875 0.8559770725
0 0.53539188 0.66835972 0.5381335425 0.6852854975 0.54113632125 0.70256146375 0.549622425 0.72310585875 0.55158075625 0.72427315375 0.55745575125 0.72298913125 0.565158525 0.71972070125 0.5720779575 0.71540171375 0.57325295875 0.71341730625 0.5737751825 0.70933177375 0.56711685625 0.6871531725 0.557977975 0.66263997875 0.55210298 0.65446891 0.5497529787500001 0.6521343199999999 0.5483168712500001 0.6521343199999999 0.54633843375 0.65204089375 0.5429640987500001 0.6521343199999999 0.538264105 0.6563365824999999 0.53526132625 0.6604221149999999 0.53539188 0.66835972