2 0.18567503375000002 0.22936948499999998 0.17255883125000002 0.2343946825 0.17026350499999998 0.2380798075 0.16993560500000002 0.24310499375 0.17387045625 0.2477951775 0.18141228250000002 0.2524853375 0.2010865875 0.254495425 0.2224004175 0.25784554875 0.2397793725 0.25851556375 0.24699329875 0.2555004475 0.249288625 0.25282036375 0.24994444999999998 0.2477951775 0.24732119875 0.24075990375 0.23715614625 0.23372464874999999 0.20666096374999998 0.22869945749999998 0.18567503375000002 0.22936948499999998
2 0.1368171975 0.40659103 0.1384567225 0.423676655 0.14107994875 0.4330570125 0.14403109875 0.43908724499999996 0.14665435000000002 0.44176732874999997 0.1509171 0.44377739750000006 0.15616357625 0.44377739750000006 0.1604263525 0.4400922675 0.16304960375 0.4317169575 0.16173797875 0.40726107 0.16403330375 0.38347517000000003 0.16403330375 0.37107972250000004 0.16108215250000002 0.3657195175 0.15340411625 0.36293662625 0.14862177499999998 0.36303942125 0.14337529875 0.36839962625 0.1374729975 0.384815225 0.1368171975 0.40659103
2 0.249288625 0.32451299749999996 0.251911875 0.32719309375 0.2607653025 0.33456336875 0.273553605 0.34092860875 0.29519533625 0.34863391625 0.30929526375 0.35231902249999997 0.31880449125 0.35399408375 0.3253625925 0.35097898 0.33028117 0.3462888025 0.33028117 0.34193366875000003 0.32995329375 0.33757848500000004 0.32405099249999997 0.33422836125000005 0.31880449125 0.33020821125 0.30667201375 0.32585305249999996 0.28896515875 0.31613768875000003 0.26470017875 0.30776237875 0.2587978775 0.30742737125 0.252567675 0.30977246125 0.248632825 0.31412761875 0.24699329875 0.31848277750000004 0.24764909875000002 0.32116287374999997 0.249288625 0.32451299749999996
2 0.3227393925 0.27191605875 0.33782299625 0.2926868225 0.34929967375 0.30508228249999997 0.35651357625 0.30776237875 0.36307167749999997 0.30508228249999997 0.36799025375 0.2990520625 0.36766237875 0.2903417325 0.3637275275 0.28029136125 0.351922925 0.26990598250000003 0.34667642375 0.26421077 0.33815092125 0.24913521374999997 0.33192069500000004 0.24209995875 0.3224114675 0.23975487 0.31552544125 0.236069745 0.31355804 0.2343946825 0.30877601125000004 0.23654495125 0.30536041375 0.24142993125 0.30470461249999997 0.24712514375000003 0.30699993875 0.25516544 0.3227393925 0.27191605875
2 0.489111245 0.31340159125 0.4973088725 0.32713710375 0.5186227025 0.35628317625 0.52747613 0.36901364375 0.53305055625 0.3737038225 0.5382970075 0.37571389125000004 0.54583883375 0.37269878749999996 0.5481341599999999 0.36834363000000003 0.5481341599999999 0.355613155 0.5419039825 0.34187764625 0.52419707875 0.31775675375 0.5110809 0.30301621 0.50353907375 0.29765601125 0.49735403624999996 0.2989037575 0.49402982125 0.3000011 0.49009497 0.30435625875 0.489111245 0.3077063825 0.489111245 0.31340159125
2 0.39598619749999997 0.486602995 0.38680486999999997 0.4959833525 0.38254209375000003 0.50201356 0.38024676874999996 0.50971885375 0.38188629375 0.51708911625 0.385165345 0.519769225 0.39237924625 0.51809416375 0.39828154750000005 0.516084095 0.40549545000000004 0.513403985 0.4176279525 0.50502867625 0.43139995625 0.48827805750000003 0.43959758250000003 0.47152743874999997 0.44189290875 0.46382215625 0.4379109625 0.45501003249999994 0.43205575625000003 0.4527667375 0.42648138 0.4531017575 0.41369307624999996 0.4661672325 0.39598619749999997 0.486602995
2 0.6245360525 0.320282845 0.62519185375 0.33468838125 0.62847090375 0.34708383499999995 0.63601273125 0.3598143025 0.63929178125 0.36215939249999995 0.6435545575 0.3624944125 0.6497847337499999 0.35914428875 0.653063785 0.3541191025 0.65404751 0.34339869749999996 0.65339171 0.3269830925 0.65142426 0.30286220625 0.651096385 0.290466745 0.6491289337499999 0.2837664975 0.6468336087500001 0.28041637375 0.6428987574999999 0.27740126375 0.6371477462499999 0.2767224375 0.63273368 0.27840629875 0.6274871787499999 0.28510654625 0.62551977875 0.2951569175 0.6245360525 0.320282845
2 0.40024897375 0.545721185 0.39992107375 0.54940631625 0.39959317375 0.5537614875 0.40090477375 0.5577816250000001 0.40451175 0.5607967425 0.41369307624999996 0.56146675625 0.42582558 0.5594566875 0.44287663375 0.5544315012500001 0.46550208875000004 0.5427060687499999 0.47369971624999996 0.5346657662500001 0.4763229425 0.53064562875 0.4766508675 0.527295505 0.4766508675 0.5209302650000001 0.47439671125 0.5177873550000001 0.46386256375 0.5149000312500001 0.43533480750000003 0.524615395 0.4084466 0.5396909525 0.40024897375 0.545721185
2 0.49894839750000003 0.48575396499999995 0.49107867 0.50484966 0.48550429375 0.5249504025 0.48288104375 0.53701086875 0.48517639375 0.5473962474999999 0.49337402124999996 0.552086425 0.50189954875 0.54873630125 0.507146025 0.54371111625 0.5117367 0.53165065 0.51501575125 0.51557007125 0.5212459524999999 0.49680938374999994 0.52485292875 0.485418945 0.52518080375 0.47972374500000003 0.52236112125 0.4771913525 0.5173110775 0.47570359375000004 0.5114088 0.47570359375000004 0.50485069875 0.479388725 0.49894839750000003 0.48575396499999995
2 0.5661689387500001 0.5189201950000001 0.57666189125 0.53031062125 0.5819083925 0.5339957525 0.58584324375 0.5360058212500001 0.59076182 0.53634082875 0.59666412125 0.5326556975 0.59797572125 0.52830052625 0.59797572125 0.5229403337499999 0.59141762 0.51020987875 0.572399165 0.48206882125 0.5609224875000001 0.46799831124999997 0.55567598625 0.46330815875 0.55075741 0.4602930175 0.544908495 0.46086924875 0.5392807325 0.46498322125 0.5409202575 0.4730234975 0.55075741 0.49513432125 0.5661689387500001 0.5189201950000001
2 0.65900379375 0.4592879825 0.6852362 0.46933835375 0.7019593537500001 0.47704363625 0.7095011812500001 0.4787186975 0.7154034575 0.47905371750000003 0.72163365875 0.47570359375000004 0.72425691 0.4726884775 0.7252406100000001 0.468333345 0.72261738375 0.46263810624999996 0.7163871825 0.45526783125000003 0.6954012525000001 0.44421242499999997 0.6809734237499999 0.43818220500000005 0.6747432225 0.43650714375 0.66818512125 0.43617213624999995 0.6573642687500001 0.43885223250000005 0.6508061662500001 0.43885223250000005 0.64534679 0.43910644374999996 0.644903865 0.44354239749999996 0.64555969 0.44823257624999996 0.64818291625 0.45426279625 0.65900379375 0.4592879825
2 0.91684503375 0.6166943137500001 0.91684503375 0.6481854687499999 0.91782875875 0.66091595 0.9201240850000001 0.6672811774999999 0.924058935 0.67197135625 0.9302891624999999 0.6729763900000001 0.9345518875000001 0.6716363350000001 0.94012631375 0.66326102625 0.9434053649999999 0.64952552375 0.9434053649999999 0.6120041350000001 0.942093715 0.602958805 0.93979838875 0.59860364 0.9358635387500001 0.5935784550000001 0.93108349375 0.59102756375 0.92701011125 0.59156838 0.9230752099999999 0.59525351625 0.9204520087500001 0.60094873 0.91684503375 0.6166943137500001
2 0.68842837875 0.6723063625000001 0.7123654349999999 0.6927421250000001 0.73630251625 0.7091577237500001 0.74777919375 0.71418291 0.753025695 0.7135128825 0.754993095 0.7104977787500001 0.75466522 0.706812635 0.7523698950000001 0.7024574762500001 0.75269777 0.6944171875 0.75138617 0.68939200125 0.72974441375 0.67130132875 0.71400496 0.6592408875 0.7038399074999999 0.6532106550000001 0.69859343125 0.65120058625 0.6940027550000001 0.65053055875 0.68880172625 0.6517123087500001 0.6844935275 0.6545507100000001 0.6825260774999999 0.6575658262499999 0.6825260774999999 0.66292601875 0.68842837875 0.6723063625000001
2 0.58317085375 0.6612509575 0.5795639025 0.67029629375 0.5782522775000001 0.67532148 0.58415455375 0.680346665 0.59136848 0.6830267875 0.60350095875 0.673981425 0.6221915625 0.65120058625 0.63170079 0.63847011875 0.63366824125 0.63143485 0.6349798412500001 0.6270796925 0.6349798412500001 0.62406458875 0.631408415 0.6153014625000001 0.62678221375 0.6150192525 0.61366601125 0.62406458875 0.59661495625 0.64249026875 0.58317085375 0.6612509575
2 0.61372027875 0.74500406375 0.6251969562499999 0.7667798675 0.6310992575000001 0.7744851375 0.63470623375 0.7761601987500001 0.640608485 0.7751551775 0.64585498625 0.7711350137499999 0.6461829112499999 0.76342974375 0.6445433862500001 0.75237432625 0.6392968849999999 0.7352887 0.61831098 0.7001123875 0.6117528787500001 0.69609224875 0.60558142375 0.695656435 0.599948275 0.698437325 0.59699715 0.7037975312499999 0.59896455 0.7135128825 0.61372027875 0.74500406375
2 0.4445212625 0.7249033212499999 0.43665153500000004 0.7436640087499999 0.43501201 0.75605945625 0.43894688625 0.76342974375 0.44517706250000005 0.7661098275 0.45304679 0.76141965 0.46386766749999997 0.74969421625 0.46813041875000005 0.7399788775 0.475672245 0.71619299125 0.47960709625 0.701117435 0.47993502125 0.6907320437500001 0.47862339624999994 0.6853718499999999 0.47698387 0.6830267875 0.47070714125 0.6810083925000001 0.4661629925 0.680346665 0.46026071625 0.6830267875 0.45009563874999997 0.7037975312499999 0.4445212625 0.7249033212499999
2 0.29717637 0.57649282875 0.28799504249999996 0.5821880475 0.28406016624999997 0.5855381712500001 0.28373226625000003 0.59022833125 0.2863555175 0.59525351625 0.2899624675 0.59793362 0.29586477 0.59893866625 0.31324372375 0.59759860625 0.34078775499999997 0.59156838 0.35947836 0.58721323375 0.3683317875 0.58352808375 0.3719387625 0.58051298625 0.3719387625 0.57649282875 0.37067879750000005 0.57093882125 0.36078995999999997 0.56543741625 0.3512807075 0.5651024025 0.32111345125 0.5681175199999999 0.29717637 0.57649282875
2 0.25192548375 0.65656077875 0.27192768875 0.6662761424999999 0.297832195 0.67498645875 0.3063577225 0.673981425 0.31094839875 0.6716363350000001 0.31357162375000003 0.6666111499999999 0.3093088725 0.65555574375 0.29914382 0.6458403925 0.2666812125 0.6324398975 0.25422080999999996 0.62908977375 0.24536738249999998 0.62942478125 0.23848138 0.6321048775 0.234546505 0.63780009125 0.23553023 0.64383031125 0.23946508125000002 0.65019555125 0.25192548375 0.65656077875
2 0.34242728125 0.73126853625 0.36210161125 0.75371438 0.37620148875 0.76342974375 0.38538284125 0.7674498825 0.3916130675 0.76543981375 0.39325259375 0.76141965 0.39587579375 0.7577345187500001 0.39653164375000005 0.7533793725 0.38898981749999995 0.7419889474999999 0.37521781375 0.7265783825 0.36406901124999996 0.71418291 0.35488768375 0.7054725924999999 0.3496411825 0.698772345 0.34537843125 0.69575722875 0.34373890625000003 0.69475222 0.33947613 0.6944171875 0.33324592875000003 0.69743229125 0.3299668775 0.7034625112499999 0.33259012875000005 0.71619299125 0.34242728125 0.73126853625
2 0.19814904625000002 0.6967622637499999 0.20995362374999998 0.7148529625000001 0.2145443 0.7195431025000001 0.21946287625 0.7202131425 0.22470935250000001 0.7165280250000001 0.2253651775 0.7037975312499999 0.212576875 0.65723080625 0.2060187725 0.6408152075 0.20241182125 0.63679505625 0.19946067125 0.63478497375 0.19275953 0.63497169 0.18896769375000003 0.63746508375 0.1873281675 0.64349530375 0.18995141875000002 0.67197135625 0.19814904625000002 0.6967622637499999
2 0.061558005 0.65555574375 0.06450915625 0.68838695375 0.06746030625 0.70480259125 0.0707393575 0.71317790125 0.07631373375 0.7151879449999999 0.08287183499999999 0.71451793 0.08746251125 0.7104977787500001 0.0910694625 0.7034625112499999 0.0927089875 0.6927421250000001 0.0910694625 0.65622577125 0.08549508624999999 0.64249026875 0.08123231 0.63679505625 0.07860908375 0.632774905 0.07305348 0.63120505 0.06877193125 0.6310998437500001 0.06516495625 0.6324398975 0.062213830000000005 0.64014518 0.061558005 0.65555574375
2 0.11926929375 0.81306957 0.1333692225 0.80938443875 0.1543551525 0.8040242462499999 0.17271783249999997 0.7996690750000001 0.17993173375000002 0.79765900625 0.182882885 0.7939738749999999 0.18419450999999998 0.7869386075 0.18386661 0.7842585112499999 0.18124335875 0.77990334625 0.1769806075 0.77688823625 0.16976668125 0.77521317375 0.15894582875 0.77554820125 0.14615752499999998 0.77822828375 0.13041807125 0.7835884837499999 0.12385997 0.7845935249999999 0.11730186875 0.7872736337499999 0.10812054125 0.79564893625 0.10418566500000001 0.8023491837500001 0.10420984875 0.8069815525 0.10648101625 0.8127345625 0.1127111925 0.81306957 0.11926929375 0.81306957
2 0.17337363249999999 0.88777734 0.16812715625 0.9021828700000001 0.16943878125 0.91156322625 0.17337363249999999 0.91625337875 0.17796430875 0.91826347375 0.18485031 0.9152483574999999 0.19829443875 0.9021828700000001 0.21436176750000002 0.8783969825 0.22747796999999997 0.8649964875 0.23042912125 0.8582962399999999 0.23141284625 0.8552811375 0.23042912125 0.84992093125 0.224854745 0.8459007925 0.2176408175 0.8459007925 0.207147865 0.84992093125 0.18747356 0.87069170125 0.17337363249999999 0.88777734
2 0.3321346975 0.8730267899999999 0.32918355875000005 0.8817371075 0.32983935875 0.8907824437499999 0.3321346975 0.89982780625 0.33508584874999997 0.9045179587500001 0.33836489875 0.90485299125 0.34164395 0.90485299125 0.34689042625 0.9028428975 0.3531206275 0.89346254 0.35771130375 0.882407135 0.361974055 0.8683366125 0.37082750625000005 0.8479008625 0.3734507325 0.8398605600000001 0.3737786575 0.83416536 0.3727949325 0.83014521 0.37115540750000003 0.8274651125 0.36493946625 0.8241406875 0.35508805250000003 0.82780012 0.34557881375 0.8398605600000001 0.33902071125 0.85627617125 0.3321346975 0.8730267899999999
2 0.43083412125000004 0.9038479312500001 0.41050401625 0.9182534737500001 0.40296219 0.9222736125000001 0.39869943874999997 0.92696379 0.39705991375000005 0.9293088675 0.39738781375000004 0.9366791550000001 0.39935523875 0.9406992925000001 0.403290115 0.94371441 0.41214354125 0.94371441 0.4170621175 0.9427093625 0.42066906875 0.9413693075 0.42394812000000004 0.93868922375 0.43804804875000003 0.93064892125 0.45280377625 0.91691340625 0.46428045500000004 0.9004978075 0.468215305 0.8954726225 0.46619766625 0.8906846500000001 0.46362462875 0.8870973125 0.46034557875 0.88575725875 0.45247587625 0.88743232 0.43083412125000004 0.9038479312500001
2 0.51444991625 0.9406992925000001 0.5128103912499999 0.9477345475 0.51313831625 0.95577485 0.5151057425 0.9618050825000001 0.5180568925 0.96482017375 0.52133594375 0.966495235 0.52691032 0.9658252212499999 0.53215679625 0.9597949875 0.5387148975 0.9497446162500001 0.54855205 0.9329939987500001 0.5570775775 0.9135632825000001 0.56396360375 0.9038479312500001 0.56461940375 0.8988227462499999 0.56265197875 0.8954726225 0.5587171025 0.89178747875 0.55248692625 0.89111746375 0.54133814875 0.8974826912499999 0.52461499375 0.92059855 0.51444991625 0.9406992925000001
2 0.6216748925000001 0.87972706375 0.63807014625 0.888437355 0.65741652625 0.8974826912499999 0.670860655 0.8988227462499999 0.6793862075 0.89681266375 0.6823373325 0.8931275587499999 0.68430478375 0.88776734 0.6810257325000001 0.8807320725 0.6754513062499999 0.8747018775 0.64659569875 0.8613013574999999 0.63052832 0.8532610549999999 0.62495394375 0.85091597875 0.6200353675 0.8499109312500001 0.61577259125 0.849575925 0.60968094625 0.85259974 0.60495171375 0.85761622625 0.60495171375 0.86364644625 0.61282146625 0.8723567637499999 0.6216748925000001 0.87972706375
1 0.1258388825 0.5620539625 0.12268649 0.5682806925 0.12352713124999999 0.5781575675 0.12394746 0.58674615625 0.12731000874999998 0.58803445 0.1315132 0.59146989875 0.13613670375 0.5925434712500001 0.13928909750000001 0.5916845937499999 0.14412277375000002 0.5869608762499999 0.15967458375 0.5534653737499999 0.1697622325 0.5281290375 0.17102318625 0.52319059625 0.1703927175 0.518466875 0.16934192 0.5161050199999999 0.1678707925 0.514387295 0.16660983875 0.5130990062499999 0.16242887125 0.5130227725000001 0.1554713925 0.514387295 0.14580404 0.52125816375 0.1365570325 0.5384353425 0.1258388825 0.5620539625
1 0.19944376375 0.48298912375 0.2022202775 0.485825825 0.20532344875 0.48816192625 0.2129997025 0.499842455 0.222309215 0.50768509625 0.22786224375 0.5121904575 0.2376617225 0.52003308625 0.2502377275 0.5278757212499999 0.25726068125 0.5303786925 0.26167045375000003 0.53071242875 0.26640687125 0.52820945875 0.26510026875000003 0.5203668112500001 0.26265039875 0.5158614687499999 0.2566073925 0.50868628875 0.23978494749999998 0.49483651375 0.23651845500000002 0.49033117249999997 0.22394246124999997 0.47881750625 0.21103981125000001 0.47164232624999997 0.208263285 0.47114173375 0.2050487175 0.47207022625 0.2012403325 0.47648139875 0.20058703125000002 0.47931809999999997 0.198953785 0.481153615 0.19944376375 0.48298912375
1 0.2759345425 0.4347193975 0.279691015 0.436388045 0.2832841525 0.43655491375 0.2891638375 0.43889101500000005 0.29798337125 0.4398922075 0.3174190075 0.43672178875 0.33914117875000005 0.43104837375000005 0.34828736875 0.42787794875 0.35808684749999997 0.42404006125000004 0.36249660874999995 0.4163642825 0.36200663 0.41135834125000004 0.35939343749999997 0.40768731625 0.35416705375 0.40451689125 0.34322429499999996 0.40351570000000003 0.31676570625 0.40802104749999996 0.28246752875 0.41552995875 0.27740446750000003 0.41920098250000004 0.2759345425 0.42070276749999996 0.2752904625 0.42433372249999995 0.27577122125 0.42670989374999996 0.27462794 0.42887913375 0.27511792 0.4312152425 0.2759345425 0.4347193975
1 0.7216389150000001 0.54447069875 0.7079107675 0.5573413425 0.7054881525000001 0.56097152625 0.7051651425 0.562126585 0.6985433325 0.5662517925 0.69127549 0.5708720225 0.68675327125 0.57549225375 0.68384614125 0.57895743125 0.68303860375 0.5811025375 0.6825540750000001 0.58324764375 0.68239257 0.5852277575 0.6832001087499999 0.587207845 0.68400764625 0.5881978925 0.6846536787499999 0.5891879449999999 0.6857842275 0.5900129875 0.6869147762500001 0.5903429987500001 0.6886913699999999 0.59050801 0.6899834237499999 0.59050801 0.69337508125 0.5895179575 0.69531318 0.5888579275 0.7066187137500001 0.5820925849999999 0.7137250512500001 0.57598728375 0.7206698712499999 0.5751622425 0.7274532 0.5735121587500001 0.7381127 0.56559175625 0.74990276125 0.54892592375 0.7534559237499999 0.539355445 0.75313291375 0.53688032 0.7523253762500001 0.5352302375 0.7511948275 0.53407517875 0.747748065 0.53340064375 0.7455420599999999 0.53176506375 0.74182738 0.53160005375 0.7353670637499999 0.53407517875 0.7216389150000001 0.54447069875
1 0.7503093225 0.37445228375 0.7523369475 0.38273858250000004 0.7776822925000001 0.4235227375 0.78946787125 0.437117455 0.7930162237499999 0.43931851125 0.79542403375 0.43918903 0.79694475 0.43905955874999997 0.7996060187499999 0.43802377625 0.8017603687499999 0.43685851249999996 0.80429490375 0.43634061625000004 0.80530872125 0.43401009 0.80480180375 0.4270185325 0.8037880049999999 0.41925012250000004 0.8016336350000001 0.41420064375000004 0.798972385 0.40759749749999996 0.78820060375 0.38714068375 0.7729933975000001 0.37017965500000005 0.76779760375 0.366165975 0.7641225275 0.36422387125 0.7623483600000001 0.36370598 0.7589391474999999 0.36370039749999994 0.755505115 0.36409439875 0.7527171224999999 0.365000715 0.7501825875 0.369143865 0.7503093225 0.37445228375