2 0.099948125 0.49531015875 0.11001815375 0.5034720225 0.11787278000000001 0.5047607425 0.1237134 0.5043311687500001 0.12754001375 0.5034720225 0.13076242000000002 0.49982066 0.1309638175 0.49531015875 0.12733861624999998 0.4897257275 0.11606017125 0.47683857625000003 0.09471171249999999 0.45772262124999996 0.09108651125 0.45600433625000003 0.08786408875 0.45600433625000003 0.08585008374999999 0.45600433625000003 0.082135285 0.45915284 0.07920387375 0.46094441 0.08000947875 0.46566970249999995 0.08645429125 0.48070471750000004 0.099948125 0.49531015875
2 0.19581480124999998 0.44204324874999995 0.17809155875 0.44848682375000004 0.16802152875 0.4545008325 0.1635907225 0.45879655125 0.16218090875000002 0.46201833999999997 0.16258372000000001 0.46481055499999996 0.16298651499999997 0.46803234375 0.16560472874999999 0.47168370625 0.17184814375 0.47383156625 0.17929995875 0.4736167875 0.20064843375 0.46609927999999995 0.2161562725 0.45793740875 0.21796886499999998 0.4545008325 0.21877448624999998 0.452138195 0.21978148874999998 0.45106425625 0.21885957250000002 0.44734666500000003 0.21796886499999998 0.4444058925 0.21132267124999998 0.44247282 0.2036694425 0.44118410375000006 0.19581480124999998 0.44204324874999995
2 0.038770135 0.586462745 0.03736033 0.59204717625 0.03796453 0.5972020425 0.040381338749999995 0.604075185 0.044207945000000005 0.60837090375 0.04662475375 0.6090152675 0.050652765 0.6077265562499999 0.0550835875 0.605149115 0.05891018625 0.60063861375 0.06475080625 0.5798043775 0.0663620175 0.5615475725 0.06495220374999999 0.55424485625 0.06334100875 0.549519565 0.061931195 0.5471569224999999 0.060722794999999996 0.54801606125 0.056291987499999994 0.5482308525 0.05367377375 0.54801606125 0.04863876 0.55231178 0.0446107475 0.5647693625 0.038770135 0.586462745
2 0.2559945175 0.5120538425 0.26143234249999997 0.5081876975 0.27633597375 0.486709105 0.28358640625 0.47360717125 0.28419058375 0.46501572625000004 0.28278078624999997 0.45964607749999997 0.279558395 0.45642428875 0.27553038375 0.45556514375 0.26908554 0.45900172375 0.256195915 0.47403673625000003 0.245723075 0.490790045 0.24290347874999998 0.5004554075000001 0.24310487625 0.50689898625 0.24504617625000003 0.5098657225000001 0.24914689375 0.51226863375 0.2511609 0.51291299 0.2559945175 0.5120538425
2 0.28968612 0.6281703375 0.28303989375 0.61893453625 0.26410823499999997 0.60626216375 0.25242701125 0.60024815875 0.244572385 0.59938901375 0.24094716875 0.6006777325 0.23550935875 0.6034699475 0.23409956 0.60690652375 0.23409956 0.61163181625 0.23591215375000002 0.6152831825 0.24175277375 0.62065283 0.262899835 0.63439912 0.27820627625 0.6401983425000001 0.28384549875000004 0.63998356 0.28726930375 0.63848005625 0.2893619675 0.63517216 0.291700125 0.6337547649999999 0.2910959175 0.63117733125 0.28968612 0.6281703375
2 0.33862646750000003 0.6829407449999999 0.34426569125 0.6831555437500001 0.3670239325 0.67864502625 0.3770939625 0.6760675937499999 0.38635840125000004 0.6702683725 0.3891779975 0.66318043875 0.3891779975 0.65888472 0.38716399125 0.6567368600000001 0.38434439500000006 0.65372985375 0.37628837125 0.65351507125 0.366419755 0.65437421 0.342251685 0.6590995024999999 0.33218165499999996 0.66361001125 0.32775081749999996 0.669409225 0.32775081749999996 0.67220144875 0.32864187375 0.6743471925 0.32835502624999996 0.6780006625 0.3315774475 0.68014852125 0.33862646750000003 0.6829407449999999
2 0.3654127525 0.61884220625 0.3778995825 0.6325885087500001 0.38535139874999996 0.6368842275 0.3895808225 0.6377433662499999 0.39179621124999997 0.63817294 0.39421301124999997 0.635380725 0.3950186325 0.63280329125 0.39159482875 0.6239970725 0.3899836175 0.61733870375 0.38696260875 0.61239862875 0.36863514375 0.58963132375 0.3611833275 0.58447645875 0.35675252125 0.58340252875 0.35473851500000003 0.58340252875 0.35180694625000003 0.5844592775 0.34990488249999996 0.5866243175 0.35030770875 0.5917791825 0.35212030125 0.5990819037499999 0.3654127525 0.61884220625
1 0.1996600475 0.6899623175 0.20811888125 0.68695532 0.2268491275 0.6744977287499999 0.23712056874999998 0.66246972125 0.23893316250000002 0.6568852900000001 0.2385303675 0.6517304249999999 0.23671775875 0.6497973525 0.23127994875 0.6487234225 0.2268491275 0.6487234225 0.21980010625 0.6523747799999999 0.203285265 0.66354365 0.19039562375 0.672994235 0.18536060875000002 0.6787934475 0.18495781375 0.6809413075 0.18354800125 0.6848074599999999 0.18486734625 0.68669001125 0.1867704225 0.6899623175 0.18959001874999998 0.69060667375 0.1996600475 0.6899623175
2 0.272969865 0.7456204049999999 0.2518228025 0.72070524125 0.24819760124999998 0.716839095 0.24537799 0.71576516625 0.2431625875 0.7151208099999999 0.23973876749999998 0.71469123625 0.23792615875 0.7164095225 0.23490514999999998 0.71963131125 0.233293955 0.7241418125 0.23571075625 0.73445154375 0.2496074 0.755071005 0.2622956425 0.76731378875 0.27176146375 0.77117994125 0.2747824725 0.771394725 0.27760208375 0.7688172837499999 0.28022028250000003 0.7653807125000001 0.28082449 0.76237371375 0.27901188250000003 0.755715345 0.272969865 0.7456204049999999
2 0.3241256325 0.74175426 0.34305727500000005 0.71619473875 0.34768949499999996 0.70609979875 0.34829370249999997 0.6985822912499999 0.34627969625 0.695575285 0.34346007 0.69407178625 0.33983485375 0.693857 0.33520266374999996 0.69428656875 0.33057044500000005 0.6964344287500001 0.32674381500000005 0.70051536 0.31224297875 0.725645315 0.30982617749999997 0.7368141850000001 0.30982617749999997 0.7462647687499999 0.31151986375 0.74813578 0.31465978 0.7501309150000001 0.31727799375 0.749056985 0.3241256325 0.74175426
2 0.25927463375 0.8222050625 0.25383680875 0.8286486399999999 0.25343401374999996 0.8331591575 0.2556494175 0.83831399875 0.26088582875 0.8417505875000001 0.27115725625 0.8417505875000001 0.2864637125 0.8348774274999999 0.30136736 0.82585641625 0.3082149675 0.8189832737499999 0.31184018375 0.813613625 0.31224297875 0.8131840525 0.3100090975 0.80850826 0.30640237375 0.805666545 0.30056173875 0.80502218875 0.28384549875000004 0.8086735425 0.25927463375 0.8222050625
2 0.3448698675 0.8063109175 0.35191888875 0.8041630412499999 0.36984355874999997 0.7994377500000001 0.37991358875000003 0.79299417125 0.38434439500000006 0.785691455 0.38615698875 0.7783887300000001 0.38555281125 0.77409301125 0.38011497125 0.7719451525 0.37306595000000004 0.7719451525 0.36521134000000005 0.7736634375 0.33882785 0.78397316125 0.3303690325 0.7899871737499999 0.3273480225 0.7951420312499999 0.32713110749999996 0.79965363 0.32916064624999997 0.803303895 0.33479983875 0.80502218875 0.3448698675 0.8063109175
2 0.48312026 0.8433483475 0.48009925125 0.85322848 0.4786894375 0.8611755612499999 0.47949504374999996 0.8665452087500001 0.48171044625 0.8706261449999999 0.48372445249999996 0.87212964 0.48614126874999997 0.872774005 0.48916227749999996 0.87212964 0.4933916875 0.86912265 0.49903089375 0.8631086375 0.5070869175 0.8452814075 0.51514294125 0.8257358825 0.5157471487499999 0.81821837625 0.51494154375 0.81585573375 0.51353174625 0.8143522299999999 0.50993374625 0.81172812625 0.50809392125 0.8113452237500001 0.5006421050000001 0.81650009 0.49238468374999994 0.823802815 0.48312026 0.8433483475
2 0.45734097875 0.7843078437500001 0.4482779525 0.79161056875 0.44525694375 0.79655064375 0.44445133875000004 0.80127593625 0.44626394625000004 0.8055716549999999 0.45129896125 0.8075047225 0.45754237625 0.8079343125 0.4716404175 0.803423795 0.48674546125 0.7969802174999999 0.4996351025 0.78967750875 0.5024547137500001 0.78667048625 0.5036631137500001 0.7830191325 0.5036631137500001 0.7804416999999999 0.5021281237499999 0.77684624875 0.49983649999999996 0.774427695 0.49016928125 0.773138975 0.47788383250000005 0.7763607637500001 0.45734097875 0.7843078437500001
2 0.4416317275 0.71823487875 0.43297151125 0.73412904 0.42874210124999995 0.7459422825 0.429749105 0.7515266975 0.4323673025 0.7564667799999999 0.43720092 0.7571111362499999 0.44062472375 0.7553928512500001 0.4470695525 0.75066755875 0.45975778 0.73047767875 0.46942501375 0.70921387625 0.470633415 0.70277029875 0.470633415 0.6986893625 0.46902221875 0.696326725 0.46720961125000005 0.6941788649999999 0.4648625725 0.6925930975 0.46277878875 0.69138664125 0.45552836999999996 0.69654150375 0.446868155 0.7064216525 0.4416317275 0.71823487875
2 0.54293624375 0.71179130125 0.5405194125 0.7047033675000001 0.53306759625 0.69374928375 0.51816395 0.67785512625 0.50829533375 0.6701228312499999 0.49983649999999996 0.6696932624999999 0.494801485 0.6711967649999999 0.49278747875 0.6742037675 0.49278747875 0.67849948625 0.493593085 0.68343956875 0.50406590875 0.6969710725 0.52279617 0.71802009625 0.53246338875 0.7240340999999999 0.53790122875 0.7236045262499999 0.54014905875 0.72103524375 0.5431376262500001 0.7186644525 0.54374183375 0.71565745375 0.54293624375 0.71179130125
2 0.5805981475 0.73692125625 0.56831269875 0.7474457700000001 0.564888895 0.75217106125 0.56509030875 0.75839984875 0.56911832 0.76291035875 0.5727435062499999 0.7652730162500001 0.582007945 0.7641990862500001 0.59006396875 0.761406855 0.6106068225 0.744653555 0.6144334525 0.73842475875 0.6190656412500001 0.7302628950000001 0.61966984875 0.72704110625 0.61664884 0.72317496125 0.6148362475 0.7210271025 0.60879423 0.720167955 0.6007382062500001 0.7238193175000001 0.5805981475 0.73692125625
2 0.58478534375 0.6467005887499999 0.59545958125 0.66366867125 0.60875200125 0.6774149737499999 0.61721085125 0.67977761625 0.62184304 0.67870368625 0.62345425125 0.6754818975000001 0.62405845875 0.67032704 0.6228500425 0.6630243149999999 0.6158010225 0.6522850187500001 0.60230718875 0.63316906875 0.59586237625 0.6258663475 0.5906259487500001 0.62264455875 0.5874035575 0.6228593450000001 0.58320587875 0.62524424125 0.580958745 0.626295925 0.579347535 0.62908814125 0.57975033 0.636176075 0.58478534375 0.6467005887499999
2 0.4662523075 0.6003241324999999 0.48095454125000003 0.5977467 0.48760076750000003 0.59516928 0.49042037875 0.59259183875 0.49082317375 0.58894048 0.4900175675 0.5852891175 0.48679516125 0.580134265 0.48135735250000006 0.5764828975 0.47390552125 0.57519418125 0.4549738625 0.57583854625 0.44007023125000005 0.5792751137500001 0.43140999999999996 0.58507433125 0.42758338625000003 0.58851090625 0.4288559925 0.591703975 0.43040299750000005 0.5975319175 0.43302121125 0.6003241324999999 0.44550804125 0.60204241875 0.4662523075 0.6003241324999999
2 0.52485987625 0.57287194125 0.5385551212499999 0.561917845 0.5506391575 0.5520376875 0.55587555375 0.5408688175 0.5572853825 0.5303443125 0.5538615475 0.5266929499999999 0.5506391575 0.5264781712500001 0.54701394 0.5266929499999999 0.54278451625 0.52841123625 0.53734670625 0.53335131 0.52284587 0.55096375875 0.5105604375 0.56857620625 0.50834501875 0.57351628 0.50834501875 0.5765232875 0.5105604375 0.57910072 0.51237303 0.57995985875 0.51982486125 0.57566414 0.52485987625 0.57287194125
2 0.41610355875000005 0.5188958925 0.4245623775 0.5300647625 0.429395995 0.53393091625 0.43261840125 0.5347900637499999 0.4370492225 0.53414569875 0.43926462625 0.53285698625 0.44067442375 0.5307091275 0.441077235 0.524050775 0.437653415 0.51094882 0.42093717625 0.47980486125 0.4136867425 0.47250213625 0.40986014375 0.47099863249999996 0.40724193 0.47099863249999996 0.40317297750000003 0.47310558999999996 0.4007971175 0.47379084875 0.40160270750000004 0.48474493625000004 0.40502652625 0.49698773500000004 0.41610355875000005 0.5188958925
2 0.4017478025 0.4281715975 0.40315760125 0.39896071499999997 0.4019492 0.38628834625 0.39953239875 0.37962997875 0.3959071825 0.37576383375 0.389865165 0.37404554625 0.38805255625 0.37533426249999996 0.38442735499999997 0.37834126500000004 0.38180914125 0.3858587725 0.37999653250000004 0.4109887275 0.38019793125 0.4277420325 0.38201053875 0.434615175 0.38483015000000004 0.43998482375000003 0.38856890875 0.44144357874999995 0.39288617375 0.44277704749999997 0.39490018 0.44105875375 0.4017478025 0.4281715975
2 0.3677111 0.34868381125 0.39147637625000004 0.36071182375 0.40215059750000004 0.36285968375000005 0.40919961875 0.36178575375 0.41302623250000003 0.35985268499999995 0.41504023875 0.357490035 0.41604724125 0.35512738874999994 0.41604724125 0.35254996 0.41443603 0.34868381125 0.40698421500000004 0.342669815 0.38966376750000004 0.33278965374999997 0.36952370875 0.32505735999999996 0.36428729625 0.32591650625 0.361064875 0.32677564875000004 0.35734642 0.32901660374999997 0.35623126499999996 0.33171572374999997 0.3560298675 0.33386358250000003 0.35864807374999996 0.3388036625 0.3677111 0.34868381125
2 0.4718351975 0.37445812625 0.4651889875 0.38927835125 0.46176516874999995 0.4002324375 0.460758165 0.40710558874999997 0.46136237375 0.41204566375 0.46498759 0.41634138249999997 0.46800859875 0.41784488625 0.47143240249999996 0.418059685 0.47445341125 0.41784488625 0.47848142375 0.41376396625 0.48532904625 0.40238029750000004 0.49902429249999997 0.36436318624999997 0.49962850000000003 0.358778755 0.49882288 0.35598653625 0.49781587625 0.3538386775 0.49381891375000003 0.35236062875 0.49217665375 0.3510464575 0.48472483875 0.35770483 0.4760646225 0.36715540249999995 0.4718351975 0.37445812625
2 0.48794724500000003 0.42815460875 0.47908563125000003 0.42965810374999996 0.4718351975 0.43438340375 0.46820999625 0.4380347575 0.46659878624999995 0.44211569375000004 0.46659878624999995 0.4451227 0.47022400249999996 0.44812970625 0.4756618125 0.45199584375 0.48633604875 0.4526402075 0.50889290875 0.4479149075 0.5163447250000001 0.44576704749999996 0.52681758 0.43975305249999996 0.5278245825 0.43846434 0.52621337125 0.43524255125000005 0.52480357375 0.4313763975 0.52037273625 0.42815460875 0.50929570375 0.42665112125 0.48794724500000003 0.42815460875
2 0.52500495625 0.36479276 0.53124838625 0.37961298374999997 0.535074985 0.3813312775 0.53809599375 0.38197563375 0.5411170024999999 0.380901705 0.5453464275000001 0.37682076875 0.54816602375 0.36672582875000004 0.5477632287499999 0.35684567875 0.54292962625 0.3362262375 0.53608198875 0.3254869325 0.53245677125 0.3207616425 0.529637175 0.31839900125 0.52630037375 0.319088685 0.522588155 0.32140599875 0.52037273625 0.32677564875000004 0.5207755625 0.339662805 0.52500495625 0.36479276
2 0.5231923625 0.255160565 0.50909432125 0.26955122374999996 0.5058719 0.277498305 0.506274695 0.28587495125 0.51050412 0.2878080275 0.51433071875 0.2878080275 0.52460216125 0.28394188249999996 0.5403114124999999 0.27126950875 0.55340245125 0.25730842375 0.55722905 0.25322748875 0.557631845 0.24914656000000002 0.557631845 0.24635434499999997 0.55561783875 0.24162904875 0.55420804125 0.2392664075 0.54736043375 0.23969597625 0.53708899125 0.24334733875 0.5231923625 0.255160565
2 0.34535563 0.22843221625000001 0.34293883000000003 0.23208357875000002 0.34213322375 0.23766801 0.3443486275 0.24110458999999998 0.34676543625 0.24325244875 0.35059205 0.244970735 0.3540158625 0.24582988125 0.361064875 0.2430376575 0.37053071125000003 0.23702365375 0.37476012124999997 0.23229836124999997 0.3787881325 0.2275730775 0.39026795999999997 0.21704856374999998 0.3959071825 0.20609448874999997 0.3967127875 0.20179877000000002 0.39630997749999997 0.20008047625 0.3946987825 0.197073475 0.39147637625000004 0.194925615 0.38362175 0.19556997124999997 0.3679124975 0.20716841875 0.34535563 0.22843221625000001
2 0.6360683425 0.31028264875 0.64795098125 0.28837448250000003 0.6515761975 0.2784943325 0.6531873924999999 0.2696881175 0.65218039 0.25894882124999996 0.64875658625 0.25486788125 0.6453327675 0.255297455 0.64190896375 0.25615659749999997 0.63788095125 0.2606671025 0.63063053375 0.27269511125 0.62096329875 0.294388495 0.617136685 0.30448342749999996 0.6173380975 0.30899393625 0.6177408925000001 0.31200093500000003 0.61894929375 0.31500794125 0.62173040125 0.31667378500000004 0.62458851625 0.31908887625 0.62619971125 0.31887408624999997 0.6360683425 0.31028264875
2 0.6787652774999999 0.36290520125000003 0.68259187625 0.363549565 0.68964089625 0.36290520125000003 0.70696135875 0.35796513500000005 0.7254902062499999 0.354743345 0.7313308275 0.350018045 0.7339490412499999 0.34658147375 0.7347546312500001 0.3425005375 0.7313308275 0.3358421775 0.72528881 0.3334795275 0.7107879575 0.33326476125 0.68782830375 0.33949354 0.68279328875 0.34228575499999997 0.6737302624999999 0.350018045 0.67131344625 0.35366941625000003 0.6717162562500001 0.35538769375 0.67272325875 0.35753555249999996 0.6739316599999999 0.36118692375 0.675945665 0.36183127125 0.6787652774999999 0.36290520125000003
2 0.7653675137499999 0.30383907125 0.7786599649999999 0.32531766375 0.7849033950000001 0.33283517125 0.7905425875000001 0.33670131625000005 0.79457059875 0.338849175 0.7975916075 0.338849175 0.79819581625 0.3369161075 0.8002098212500001 0.33412389124999997 0.80323083 0.33025773875 0.802828035 0.32488809 0.7897369974999999 0.29761028375 0.7776529625 0.28042741374999997 0.7734235375 0.2778499725 0.77120815 0.27699083 0.76637451625 0.2778499725 0.76355492125 0.2817161225 0.7621451225 0.2879449175 0.7617423275 0.29395892125 0.7653675137499999 0.30383907125
2 0.8224742575 0.40050140125 0.8351625 0.39319867625 0.8508717525 0.379667165 0.8559067675 0.36828351249999997 0.85550394125 0.36183993375 0.853489935 0.35883292875 0.84885774625 0.35797378875 0.84402411375 0.358618145 0.8385863037500001 0.36012164875 0.827710685 0.36699479125 0.8077720087500001 0.38761424624999996 0.8045496175 0.39255432 0.8039454087500001 0.39706482125000003 0.8059594149999999 0.39985704499999997 0.8081748037500001 0.40286404374999996 0.8120014325 0.40264926125 0.8224742575 0.40050140125
2 0.8788735612499999 0.417684275 0.88431137125 0.41467726875 0.8984094125 0.3927691025 0.9060626399999999 0.37214965749999995 0.9060626399999999 0.36141036125 0.90344442625 0.358618145 0.9000206224999999 0.35711464249999997 0.89579119875 0.35711464249999997 0.8885407949999999 0.3620547175 0.8837071625 0.369572225 0.8728315437499999 0.39040646125 0.8692063262499999 0.39964225374999995 0.8696091212499999 0.40415276375 0.86819932375 0.40758935125 0.86819932375 0.412959 0.8690049449999999 0.41639555500000003 0.87101895 0.41639555500000003 0.8740399587500001 0.41746948500000003 0.8754497575000001 0.41854341375 0.8788735612499999 0.417684275
2 0.7599933350000001 0.44302902125000004 0.7781193875 0.4408811625 0.7839600087499999 0.43851850374999995 0.7867796199999999 0.43572629625 0.7885922125 0.43186014375 0.7867796199999999 0.4269200775 0.7827516075 0.4234834975 0.77046616 0.41961734375 0.7547569237499999 0.4194025775 0.73945048125 0.42069127375 0.72857484625 0.4252017825 0.724144025 0.42734964249999996 0.7225328287499999 0.428638355 0.72320349125 0.43205230375 0.72293562375 0.43594107875 0.72615803 0.4398072325 0.7332070512500001 0.44238465750000006 0.7599933350000001 0.44302902125000004
2 0.5973916 0.501420015 0.60967703375 0.49905737250000004 0.6318310975 0.49218421375 0.6412969187500001 0.485955435 0.6459291387499999 0.47865271 0.64693614125 0.4730682875 0.64431792875 0.46834297874999997 0.637873115 0.46555078 0.63122689 0.46619511875 0.61007982875 0.47328305375 0.5933635887500001 0.48144491625 0.58792576375 0.485955435 0.5843005625 0.4902511525 0.5843005625 0.49261379499999997 0.584904755 0.49605036625 0.5855089625000001 0.49991652000000003 0.58651596625 0.5001313025 0.5973916 0.501420015
2 0.6880218650000001 0.5229091849999999 0.7003073125 0.53171541375 0.71017592875 0.536440705 0.723871175 0.54116598875 0.7345454125 0.54181035375 0.7355524149999999 0.54009206 0.7369622137499999 0.5351519849999999 0.7377678037500001 0.5315006225 0.73253140625 0.5250570450000001 0.7182319524999999 0.5136733925 0.6954736800000001 0.5014305925 0.6882232775 0.49906795125000003 0.68459806125 0.49906795125000003 0.68190923125 0.5002061262499999 0.67976444375 0.5037932425 0.67976444375 0.50830374375 0.6821812749999999 0.5151768950000001 0.6880218650000001 0.5229091849999999
2 0.58349495625 0.60787433625 0.5957803899999999 0.5952019712500001 0.60625322875 0.57715995 0.612496645 0.56599108 0.61209383375 0.55933272 0.6104826387500001 0.55503700125 0.60867003 0.55288914125 0.6054476237499999 0.55288914125 0.60101680125 0.55374828 0.5969887899999999 0.55697007 0.58772436625 0.56835373 0.58027255 0.582314815 0.5746333275 0.59069146125 0.57282072 0.59606111 0.57201513 0.601001185 0.57282072 0.604437765 0.57443193 0.60572647625 0.57684873125 0.6098074125 0.5788627375000001 0.61066655125 0.58349495625 0.60787433625
2 0.67170842 0.6181840675 0.6805700337499999 0.5947723975 0.68620927125 0.57758952375 0.68842466 0.5668502275 0.68741765625 0.5623397175 0.68520226875 0.55976229375 0.6783546300000001 0.55825879 0.67472942875 0.55868836375 0.6702986074999999 0.562124935 0.6646594 0.57050159 0.66264539375 0.58038173875 0.65841596875 0.59455760625 0.6555963737499999 0.6048673375 0.654992165 0.61367356625 0.65539496 0.6216206387500001 0.6572333924999999 0.6228293425 0.6616383912499999 0.6241980625 0.6652635925 0.624627645 0.67170842 0.6181840675
2 0.71522104375 0.62942153375 0.7349582925 0.617393525 0.74865355375 0.60536552125 0.7552997487499999 0.59655928875 0.7561053687499999 0.5909748575 0.7538899499999999 0.5875382825 0.74845214125 0.5858199925 0.73999330625 0.58861221125 0.7158252362499999 0.60407679625 0.70917902625 0.609661235 0.69971319 0.62276317375 0.700518795 0.6251258150000001 0.70255636125 0.6271224962499999 0.7053524125 0.63049546375 0.7085748187500001 0.63049546375 0.71522104375 0.62942153375
2 0.77262021125 0.636294685 0.7814818250000001 0.65369235 0.7921560624999999 0.66357251625 0.80101770625 0.66700907125 0.8060527212499999 0.66657950625 0.80987932 0.6657203749999999 0.8104835275000001 0.6633577175 0.8108863225 0.658632425 0.80907373 0.65240363 0.80142050125 0.64059040375 0.7863154575 0.6197561675 0.7746342174999999 0.6107351649999999 0.770606205 0.61052037375 0.76818940375 0.61245345 0.7661753987500001 0.61288302375 0.76839078625 0.61911181125 0.7704047925 0.6298511075 0.77262021125 0.636294685
1 0.7587235825 0.71214779 0.7661753987500001 0.7200948625 0.7710089999999999 0.72374621625 0.776044015 0.72417579875 0.78007202625 0.7226722875 0.78329444875 0.71816178625 0.782287445 0.7099999300000001 0.77886364125 0.70248243125 0.7647656 0.682507325 0.7575151674999999 0.67670810375 0.75086894125 0.673486315 0.7470423425 0.6721976024999999 0.742339855 0.6746155149999999 0.74019472 0.6788559625 0.74019472 0.6859438962500001 0.7462367225 0.6962536199999999 0.7587235825 0.71214779
2 0.8311817349999999 0.6985492675 0.8352097475 0.70864422375 0.8394391725 0.71444342875 0.8420573862499999 0.7142286387500001 0.84568257125 0.71315470875 0.84930778875 0.7103624937499999 0.8525302100000001 0.6972605550000001 0.85091899875 0.6631095887499999 0.8480994037499999 0.6495780775 0.84487698125 0.646571075 0.8428629762500001 0.6450675800000001 0.8390288537499999 0.64510008 0.8331957412500001 0.6500076462500001 0.82997335 0.65666601125 0.8301747325 0.6768558912500001 0.8311817349999999 0.6985492675
2 0.640052575 0.7648286812499999 0.6362259837500001 0.772990545 0.63642736625 0.777501055 0.63320496 0.7781454275 0.6394483824999999 0.78136721625 0.64790058375 0.78384172875 0.6579772300000001 0.7790045575000001 0.6662346512499999 0.771916615 0.6847635150000001 0.7500084575 0.690201325 0.7364769375 0.6893957187499999 0.73454386875 0.6861897337499999 0.731231485 0.6827495087500001 0.72981857625 0.67831868625 0.7304629325 0.667241655 0.73712130125 0.640052575 0.7648286812499999
1 0.73954446875 0.777501055 0.74780189 0.78222634625 0.75223271125 0.78330027625 0.7548509099999999 0.78265591125 0.75666351875 0.7794341225 0.75867752375 0.7787897662500001 0.76109434 0.7783601937500001 0.7608929275 0.772990545 0.7572677262499999 0.76418434125 0.7494131 0.7558076712499999 0.73350245125 0.7401283 0.7242380274999999 0.7354030075 0.7185988037500001 0.73583258125 0.714772205 0.73669172875 0.71356379 0.7392691612500001 0.7133623925000001 0.74442401875 0.71799461125 0.7562372449999999 0.73954446875 0.777501055
2 0.88619179 0.6192044575 0.88498338875 0.6103982287499999 0.8843791812499999 0.60588774375 0.87934416625 0.59149706875 0.875316155 0.57882470375 0.8704825375 0.5713071974999999 0.8650447275 0.5676558349999999 0.86222511625 0.5667966875 0.8583985024999999 0.56701147875 0.85658589375 0.5676558349999999 0.85578030375 0.56851497375 0.8537662975000001 0.5717367625 0.8535648849999999 0.5751733425 0.8535648849999999 0.5809725637500001 0.85437049 0.58741614125 0.8573915 0.59708150875 0.8688713425 0.62285581125 0.8759203625 0.62972897125 0.87974696125 0.63101768375 0.88233746875 0.6295373962499999 0.88578897875 0.62908460625 0.88619179 0.6265071824999999 0.88619179 0.6192044575
2 0.92042710375 0.53933295625 0.9224411087500001 0.54534694375 0.9256663325 0.54921308875 0.9282845000000001 0.5502870187500001 0.9337223400000001 0.54835395 0.9377503525 0.54513216125 0.9407713612499999 0.53718509625 0.9450007549999999 0.5129142725 0.945806375 0.4978792575 0.9439937512500001 0.48864346875000003 0.94278536625 0.484132955 0.9415769512500001 0.48327382 0.93634052375 0.48456252749999995 0.93130550875 0.4877843175 0.9274789099999999 0.49702011 0.92022849125 0.53396329125 0.92042710375 0.53933295625
2 0.066352775 0.7588385712500001 0.08197162375 0.7709179962499999 0.08900606875 0.773461035 0.09282136625 0.77396964375 0.09639820125 0.773079585 0.09961735 0.772189515 0.10164422000000001 0.7712994562500001 0.10379032499999999 0.7693921775 0.10712870875 0.7678663637500001 0.10605565625 0.7665948450000001 0.10569796875 0.76405180625 0.10462491625 0.7613816087499999 0.10116731625 0.75654983375 0.09460978375 0.7508279975000001 0.07660637000000001 0.73734989875 0.06289516625 0.72806780875 0.055622267499999996 0.7271777475000001 0.05192620625 0.72857641875 0.04966087500000001 0.7298479375 0.049064736250000004 0.7327724325 0.050137788749999995 0.73747704875 0.055860728750000005 0.7486664199999999 0.066352775 0.7588385712500001
0 0.5177609825 0.50614741375 0.520694395 0.50666881 0.5272945687499999 0.5054956700000001 0.53426141375 0.50249765125 0.5455061575 0.49545882625 0.555406405 0.48815929750000003 0.5571175712499999 0.4854219775 0.55699533875 0.48477023375 0.55638421125 0.4838577925 0.55675089125 0.4830757025 0.556506445 0.48177221625 0.55418415 0.477861755 0.5511285149999999 0.47108362375 0.54990626125 0.46925874 0.5439172225 0.47186571374999997 0.5354836675 0.47707966 0.52387225375 0.4858130225 0.51788320625 0.49154836625000004 0.51458312375 0.49754440250000004 0.5134830925 0.501194165 0.513618875 0.5038876812499999 0.51494979375 0.5049742825 0.51617204875 0.5053653225 0.5177609825 0.50614741375
0 0.36608279625 0.90373172125 0.3607142525 0.90969897875 0.35655552125 0.91155366625 0.35451396 0.91373091125 0.3581434 0.91502113125 0.35995812 0.91687582 0.36305826375 0.92026264375 0.36396562125000004 0.92316564 0.3663096325 0.9251816062499999 0.370014685 0.9280039587500001 0.370695205 0.92832650875 0.37167817999999997 0.9282458674999999 0.376441815 0.922520525 0.38362507749999997 0.9133277175000001 0.38869117125 0.90308661 0.39012782 0.8956678537499999 0.38990098375000004 0.8925229462500001 0.38990098375000004 0.8913133675 0.38922046250000003 0.8906682575000001 0.38779311125 0.889759545 0.3857422525 0.8891361225 0.38158352125 0.88978123375 0.375458845 0.89324869375 0.36608279625 0.90373172125
0 0.5364247925 0.8894125549999999 0.5369879275 0.90102344125 0.5383957675 0.9090309499999999 0.5392404737500001 0.91133311125 0.540179035 0.9121338625 0.5448718375 0.91113292375 0.5463735337500001 0.91153329625 0.54909536 0.9109327349999999 0.5528496037499999 0.90953141875 0.55585299375 0.90833029625 0.55791783125 0.9077297299999999 0.55763626125 0.903926165 0.55622842 0.896419125 0.5545390075000001 0.89031340375 0.55219260625 0.88540880125 0.54909536 0.8815051425 0.54749980375 0.88010382625 0.5460919624999999 0.8788026062500001 0.5438394225 0.87830213625 0.54233772 0.8778016675000001 0.53914661875 0.879002795 0.53717563625 0.8834069237500001 0.5364247925 0.8894125549999999
0 0.58462357125 0.9284491675 0.575237965 0.93685704125 0.5725161375 0.94036032625 0.5714837225 0.9417616424999999 0.5713898675 0.94256239625 0.5730792725 0.9436634275 0.57673966125 0.94496465 0.57993076875 0.948968405 0.582183315 0.94956896625 0.5843419999999999 0.95107037375 0.5850928525 0.9520713125 0.59100578 0.9500694350000001 0.60377021 0.9418617349999999 0.61559608 0.930651225 0.61878718 0.9246455937499999 0.61944417 0.9193406199999999 0.6193503225 0.917438835 0.61869331875 0.91543695875 0.61758581875 0.91398661625 0.61522064625 0.912534235 0.61109098625 0.9122339537499999 0.5993589775 0.9175389275000001 0.58462357125 0.9284491675
1 0.27440015375000004 0.36306787749999997 0.27339275749999997 0.3739648975 0.27339275749999997 0.3928428425 0.27454406625 0.40373986375000004 0.27713453125 0.41172077625 0.2824593725 0.41647864125 0.28490591375 0.41647864125 0.2880720275 0.41402296499999997 0.290806415 0.41049295 0.292677285 0.40680944750000003 0.29411643000000004 0.39944244124999995 0.29469210125 0.38655020375 0.29411643000000004 0.3735044725 0.29296513125 0.36490962875 0.2919577125 0.36030525249999995 0.29051856875 0.35662174999999996 0.288503775 0.35247781000000006 0.28749637875 0.35140345500000003 0.28677680625 0.35140345500000003 0.28395633 0.3522929075 0.28173978875 0.35293824749999997 0.28001282 0.35293824749999997 0.27756627875 0.35477999875 0.27440015375000004 0.36306787749999997
1 0.619025605 0.38854542125 0.60895159375 0.39069413249999996 0.597294525 0.3939171925 0.5895231425 0.39621938 0.58534962125 0.39928896375 0.58232742 0.4029724675 0.58060044 0.4061955275 0.5811761 0.40773032 0.58362265125 0.4100325075 0.58923530625 0.41218121875 0.5968627775 0.412948615 0.6056415562499999 0.41202774249999996 0.6119737949999999 0.41126034625 0.6211843225 0.40972555374999997 0.6339927 0.40604205125 0.6370149125 0.40373986375000004 0.6391736287500001 0.39913548749999994 0.63989320125 0.39591242625 0.6393175525 0.39299632 0.636007515 0.39130805125 0.6265091524999999 0.38946629375 0.619025605 0.38854542125
1 0.46374136625 0.2287752725 0.46127488125 0.23630779875000002 0.45981742124999997 0.24324249625 0.45914474749999995 0.26392704375000003 0.462059675 0.2789920875 0.46721685749999997 0.286285485 0.4704681275 0.2867637425 0.47271038249999997 0.28473115625 0.47551319999999997 0.28162249375 0.477979675 0.27576386750000004 0.47999770750000004 0.26022056625 0.48022192875 0.24419900875 0.479549255 0.2333187025 0.47898869125 0.228297015 0.47697065875 0.22351446249999998 0.47394362 0.22231882375 0.47210411125 0.22201702375 0.47013178625 0.22076449374999998 0.4685622075 0.22028623875 0.466768405 0.22064492875 0.46374136625 0.2287752725
1 0.6033906225 0.1867712225 0.6118246924999999 0.19426673125000002 0.6257877675 0.20156235875 0.6352526675 0.20546002375 0.64490499625 0.20795852625 0.65212081 0.20735888374999997 0.656337845 0.20536008125 0.6588680637500001 0.20246182125 0.65849322125 0.19836427375 0.6564315625 0.19486637 0.64987173 0.1896694875 0.6387200125 0.18307343750000002 0.618759375 0.17427870875 0.610512725 0.17267966999999998 0.6062956899999999 0.17377900749999997 0.6033981 0.17534013375000002 0.6017975225 0.17837625375 0.599548435 0.1811745775 0.59973585625 0.1827736175 0.6033906225 0.1867712225
1 0.42171743749999996 0.64068326375 0.427398725 0.64184347625 0.43694813125000004 0.6421013062500001 0.445893145 0.6399097925 0.4590689075 0.63488221125 0.46692601125000005 0.62908116375 0.46994796625 0.62508488 0.47103588375 0.62302228625 0.4713985225 0.6213464275 0.46837656875 0.61863926625 0.46378316249999996 0.6155453750000001 0.4555634275 0.6145140725 0.44069536374999996 0.6187681825 0.42631081625 0.62418249375 0.42038777625 0.62882333875 0.4192998675 0.63024137125 0.41894677 0.63184062125 0.41869547500000004 0.63475330125 0.41784931999999997 0.63797610875 0.41797020500000004 0.63926523125 0.42171743749999996 0.64068326375