2 0.2050225575 0.31979675125 0.22416637375 0.32698011250000003 0.23659997 0.32977364625 0.24508640625000003 0.32897549249999997 0.25041508875 0.32518427625 0.25298075875 0.3221912075 0.2514018825 0.31859953 0.24844149999999998 0.31460877249999997 0.24350752875 0.31101708375000003 0.2263373175 0.3048314075 0.20818031125 0.30084064875 0.20521992874999997 0.30004249875 0.20245690249999998 0.30044157250000003 0.19949652 0.30283602875 0.1969488175 0.3056591625 0.1941678225 0.307624945 0.19397046625000003 0.30922124 0.19870708125 0.31401015250000003 0.2050225575 0.31979675125
2 0.31081679875 0.39661885625 0.31377718125000004 0.39582070125 0.31989530250000003 0.39023363375000003 0.33647343125 0.37008030750000004 0.33805230875 0.3638946275 0.33765759625 0.35531449875 0.3354866375 0.35112420499999997 0.33351304875 0.34972743875 0.330157955 0.34972743875 0.32759228375 0.35052559250000004 0.32502664375 0.3529200425 0.30233036375 0.37985766 0.2948307225 0.39143085749999995 0.2948307225 0.39522208124999997 0.29581751624999997 0.39781607999999996 0.29719903625 0.399013305 0.29936998125 0.399013305 0.30354101375 0.39714253624999996 0.30548810125 0.39621977125 0.30884321 0.39661885625 0.31081679875 0.39661885625
2 0.38898556749999996 0.36110110125 0.388393485 0.363296015 0.3913538675 0.3748692125 0.40378747875000004 0.39442392624999995 0.4093135325 0.398414685 0.414839585 0.399412375 0.41701051499999997 0.398614235 0.41839202 0.39621977125 0.41898410249999996 0.39262809750000005 0.41819468 0.38903640875 0.4164184325 0.38205258125 0.40793202624999997 0.36668817625000005 0.403984835 0.35750942 0.39964294625 0.34853021375 0.39806407 0.346534835 0.39569577 0.345537145 0.39236784375 0.34654001624999997 0.38859084000000005 0.34853021375 0.38859084000000005 0.352121895 0.38977500499999995 0.356711265 0.38898556749999996 0.36110110125
2 0.44288943125 0.5161694662499999 0.44407359625 0.52016022375 0.44782340249999997 0.5233528275 0.45098115499999997 0.5243505175 0.4563098375 0.52016022375 0.46262531375000004 0.5081879487500001 0.46716457375 0.49641521 0.46953287375 0.48284664749999995 0.46973024375 0.473268815 0.46657249125 0.46668406500000004 0.46420419125 0.46448914375 0.46262531375000004 0.46369099625 0.46005965875 0.46329191875 0.4586781375 0.46349145375 0.4560270725 0.46594202125 0.4531521 0.46947759125 0.44861283999999996 0.4842434 0.44348151375 0.51078194875 0.44288943125 0.5161694662499999
2 0.53170090375 0.49262399375 0.544923955 0.49182585375000004 0.5565681137499999 0.48803461499999995 0.5632783312499999 0.48603923625 0.57393569625 0.48045217625 0.57946175 0.47386742624999995 0.5826195024999999 0.46708313500000004 0.58242213125 0.46269330625000005 0.58104062625 0.460498385 0.5778828725 0.45870254875 0.5749224900000001 0.45870254875 0.5705806025 0.45890208375 0.56485720875 0.46089746249999997 0.546108105 0.47047528 0.53170090375 0.48085126875 0.52972731625 0.4848420275 0.52980269 0.48737954250000004 0.52913524875 0.490628615 0.52874052125 0.49242445125 0.53170090375 0.49262399375
2 0.74138120875 0.5492930625 0.7571699150000001 0.56904731125 0.7632880350000001 0.572639 0.7682220062499999 0.57383623875 0.77295860625 0.57303806875 0.775129565 0.57164131 0.7753269362499999 0.56804962125 0.77414277125 0.56306117375 0.76664312875 0.54989167375 0.7555910375 0.536722175 0.7447363025 0.52614666 0.7401970437500001 0.523752215 0.7376313875 0.522155905 0.733117435 0.52352419875 0.73131589625 0.52614666 0.7301317462500001 0.531534185 0.73230269 0.53931616625 0.74138120875 0.5492930625
2 0.7403944137499999 0.6505916162500001 0.73861818125 0.6543828387499999 0.73901289375 0.6585731325 0.7423680025 0.6611671237500001 0.74848612375 0.663362045 0.75736727 0.6613666662500001 0.7674325825 0.65338515 0.78006353625 0.6412133325 0.787168465 0.62604845 0.7865763825000001 0.6236539975000001 0.78295915625 0.62148868375 0.77887937 0.61946370875 0.77197181125 0.6218581575000001 0.75519632625 0.63442905125 0.7403944137499999 0.6505916162500001
2 0.67427920625 0.76946856375 0.678621095 0.78084222625 0.68375242125 0.78603020875 0.6886863925 0.7876265175 0.6924362125000001 0.7874269825 0.694212445 0.7810417599999999 0.6934230075000001 0.7700671825000001 0.68671280375 0.7443267887499999 0.6835550662500001 0.73415035875 0.6815814775 0.730359135 0.6803973275 0.72836375625 0.67562673625 0.7274299200000001 0.6730950425000001 0.72796467875 0.6707267425000001 0.73295312625 0.6697399475 0.74592309125 0.67427920625 0.76946856375
2 0.75756465625 0.33670118375 0.7624986125 0.34927207875 0.7684193775 0.35505867375 0.7699982237499999 0.35625590500000004 0.7761163587500001 0.35446006124999996 0.77769523625 0.3516665275 0.777497865 0.33789841625 0.7755242762500001 0.32572660249999996 0.76940617125 0.30796772875 0.76427483 0.30118343625 0.7615118175000001 0.29858944375 0.7581566937499999 0.29619498875 0.7545839187500001 0.29793168375 0.75124915 0.29938759625 0.7502623549999999 0.3027797425 0.75124915 0.31315571125 0.75756465625 0.33670118375
2 0.8664371175 0.3957245025 0.8699895675 0.39672219249999996 0.8780812912499999 0.3975203475 0.8986065974999999 0.3975203475 0.91380323625 0.39532543 0.9191319175 0.39333005 0.92347382125 0.39013745125 0.923079095 0.38734391375 0.9177504125 0.38135777625 0.9096587037499999 0.37876378375 0.8974224475 0.37776609499999997 0.8806469462500001 0.37776609499999997 0.86742391125 0.3817568525 0.8628846525 0.3861466925 0.86240982125 0.3894150575 0.86327937875 0.39352958875 0.8652529674999999 0.39432774000000004 0.8664371175 0.3957245025
2 0.91479003 0.42904734 0.9114349212499999 0.43662977875000003 0.91163229125 0.44022147500000003 0.9122243587500001 0.44261591625 0.9141979474999999 0.44321454375 0.92169758875 0.44261591625 0.92761835375 0.44101961500000003 0.93294703625 0.43662977875000003 0.94814366 0.41408199625000003 0.95031461875 0.40949261875 0.95268291875 0.3971212775 0.9524855787500001 0.39532543 0.9513014124999999 0.39452727875 0.949327825 0.39452727875 0.94679531 0.39390198125 0.94419648375 0.39193328375 0.93788100625 0.3965226575 0.9250526825000001 0.41468060875 0.91479003 0.42904734
2 0.905119445 0.49525104 0.89012017625 0.5058265550000001 0.88597564375 0.5094182362499999 0.88479147875 0.5116131500000001 0.8855809175 0.51440668375 0.8891333825 0.5173997525 0.89288320375 0.51919559 0.8999881175 0.51899607 0.9191319175 0.5116131500000001 0.9309734475 0.50423024625 0.9357100775 0.49884272875 0.9372889237500001 0.49624872875000003 0.9392625125 0.49325566125000003 0.9392625125 0.49086121125 0.9390651712499999 0.48986352250000004 0.93667892125 0.48837663625 0.9357100775 0.48687045375 0.9291972300000001 0.48627183375 0.9193292737500001 0.4890653675 0.905119445 0.49525104
2 0.9274209824999999 0.544670645 0.89959339125 0.5470650862499999 0.89465942 0.54826231 0.8897254499999999 0.55145492125 0.8909096150000001 0.55724151625 0.895646215 0.56222996375 0.90136962375 0.5654225675 0.91104020875 0.5670188775 0.93294703625 0.5652230325 0.9392625125 0.56462442875 0.949327825 0.55903736 0.9530776299999999 0.55803967125 0.9518934962500001 0.55664291875 0.95024968625 0.55343701875 0.94952519625 0.5488609225 0.9471568662500001 0.54726462 0.9396572550000001 0.54586785375 0.9274209824999999 0.544670645
2 0.59620441625 0.8593946525 0.61771653125 0.8629863337499999 0.62778182875 0.8631858687499999 0.6356761825 0.8593946525 0.639820715 0.8548052825000001 0.63903127625 0.849816835 0.63015012875 0.8442297675 0.6096248225 0.8404385512499999 0.59798064875 0.83904178375 0.585152325 0.83983993875 0.58278401 0.84083762875 0.5798911525 0.8455855575 0.5786394775 0.8484200675 0.5796262725 0.8512135937499999 0.58534968125 0.8552043525 0.59620441625 0.8593946525
2 0.31957282625 0.61530437375 0.3329932325 0.6159029862500001 0.34996608875 0.6127103825 0.358452525 0.60832054625 0.3627944125 0.60413025375 0.36417591875 0.5995408824999999 0.36516271250000004 0.5951510475 0.36476800125 0.5933552025000001 0.360820825 0.59155936625 0.35253176 0.5905616775 0.33319058875 0.59475197 0.31305998625000003 0.5995408824999999 0.30931016625 0.601137185 0.30872257875 0.60528590625 0.30832337125 0.60832054625 0.308520735 0.6101163912500001 0.309704885 0.6117126925 0.31957282625 0.61530437375
2 0.393187675 0.68243876375 0.38529332250000004 0.6864295187499999 0.38213558375 0.6896221287500001 0.38154350125000003 0.694411035 0.38233294 0.6982022587500001 0.38687218375 0.700596715 0.39259559250000003 0.7013948625 0.4079895875 0.700596715 0.43068585249999997 0.69680549125 0.43798812374999996 0.6942115 0.4401590675 0.69321381 0.44075115 0.6924156562500001 0.44055379375000003 0.69101889625 0.43924867125 0.68704761375 0.43325150874999996 0.68363598875 0.42417300500000005 0.679046625 0.4176601725 0.67784939 0.393187675 0.68243876375
2 0.4447072 0.92536755 0.45812760625000004 0.9399338162499999 0.46503516500000003 0.94212873 0.47154799750000004 0.9409315049999999 0.47194272374999996 0.9385370562500001 0.46996913625 0.9325509187500001 0.4656272325 0.9235717200000001 0.46128534375 0.91638834375 0.45102267625000003 0.902620225 0.4447072 0.89384055375 0.439970585 0.8906479500000001 0.43678125875 0.89020551375 0.43306302625 0.89224425125 0.43187887625000004 0.8988290012500001 0.4358260525 0.91040220625 0.4447072 0.92536755
2 0.261827025 0.79365941625 0.26656364 0.8006432425 0.26853722874999997 0.8060307600000001 0.27505007625 0.8138127425 0.27939196375 0.81540905125 0.28393122375 0.81540905125 0.28748367375 0.8148104325 0.2884704675 0.81022105375 0.28827311125 0.806828915 0.28511537375 0.7984483287499999 0.27919460874999996 0.7842811325 0.26439269625 0.760935195 0.2612349575 0.7585407387499999 0.25926137 0.7569444362500001 0.25443951625 0.7575920137500001 0.25176172874999997 0.75893981625 0.25097229 0.76412779875 0.25472211125 0.7761000737499999 0.261827025 0.79365941625
2 0.0760808025 0.7189506312499999 0.08436986750000001 0.7275307599999999 0.08871177125000002 0.73072336375 0.09305365874999999 0.72852844875 0.09443518 0.7275307599999999 0.09660612375 0.7275307599999999 0.09759291749999999 0.7271316824999999 0.09719819125000001 0.72294138875 0.093251015 0.71136818375 0.0867381825 0.69959545125 0.0772649525 0.6876231724999999 0.069567955 0.68223565125 0.06581814999999999 0.68043981125 0.061870973749999995 0.6802402725000001 0.06029209625 0.68004074125 0.05679981875 0.6823114175 0.05595020875 0.6848296425 0.05595020875 0.6872241 0.05772642625 0.6936093137500001 0.0760808025 0.7189506312499999
1 0.0705846325 0.20602702125 0.060533555 0.20653512375 0.05500546125 0.20917725874999998 0.052392175 0.21131129 0.044049785 0.21283559875000002 0.0373155575 0.21659556 0.03269206375 0.22401385875 0.031787465 0.22838354125 0.03299359875 0.23031433375 0.0353053425 0.23122891625 0.04183854375 0.23133053875 0.04555744625 0.23244837125 0.04907532375 0.23133053875 0.06485551375 0.2275705775 0.07832396 0.22350575625000002 0.08505818 0.22015227875 0.08907861125 0.21557935375 0.0891791275 0.21435990749999997 0.08797299374999999 0.21324207874999998 0.08837503875 0.21141290999999998 0.0884755475 0.2092788775 0.08515869625 0.20805943249999997 0.07470557375 0.20602702125 0.0705846325 0.20602702125
0 0.63196906125 0.3924683425 0.6362552025 0.38813486750000004 0.642346045 0.38083639249999995 0.64392515375 0.3744502225 0.648324095 0.36133577 0.64809850375 0.35483556499999996 0.64708337 0.35244075125 0.64674498625 0.3518705575 0.64166928625 0.35198459625 0.631405095 0.34924766625 0.63027716125 0.35038805250000005 0.626329395 0.362020005 0.62350956125 0.38254697375 0.6240735275 0.3867664025 0.62497586875 0.38904717625 0.62644218625 0.3904156425 0.62853674125 0.39057738000000003 0.6293748112499999 0.39281045374999995 0.6303899525 0.3931525725 0.63196906125 0.3924683425
0 0.44903277875000003 0.6075895437500001 0.44383752 0.61012528875 0.44303135875000005 0.6121176625 0.44186690874999995 0.6132949725 0.44123989125 0.61401947125 0.44231477625 0.6161024075 0.44338965375 0.61764196625 0.44589771125 0.618638155 0.44733088375 0.61990602625 0.44885362875 0.62470583125 0.4501076575 0.62678876875 0.45163040125000004 0.6270604550000001 0.461125185 0.62533976875 0.4740237475 0.62189839875 0.48118962375 0.61927208875 0.48629530375 0.6161929675 0.48960951625 0.612661035 0.49175928625 0.60940079125 0.49319245125 0.6064122350000001 0.4930133075 0.6037859225 0.49292372874999996 0.6021558 0.4916697075 0.6011596149999999 0.48973755750000003 0.60059058625 0.48522042624999995 0.599710615 0.47841284375 0.600072865 0.46067731875 0.6037859225 0.44903277875000003 0.6075895437500001
0 0.56589361125 0.7367275225000001 0.5679979475 0.7384682549999999 0.5714413975 0.7379847162500001 0.5858847625 0.7338262962500001 0.59927596375 0.7287975 0.6063541725 0.72434895375 0.6086498075 0.72028724375 0.609319365 0.71815966875 0.60731068625 0.7159354037500001 0.60310202125 0.7117769724999999 0.59812815 0.7103263599999999 0.590667335 0.710423065 0.57957177 0.71361441375 0.56771099 0.71806296375 0.56531970375 0.71951357625 0.563502325 0.7204806524999999 0.56168494625 0.7223180925 0.5630240675 0.72531602875 0.56445884 0.73121518875 0.56589361125 0.7367275225000001
0 0.34898524875 0.76237916 0.33273395625 0.7680210375000001 0.3227482175 0.7734649525 0.32088813625 0.7765333475 0.3201049375 0.7796017275 0.3206923325 0.78128439375 0.32646839624999996 0.7880150525 0.32960117250000004 0.78979669625 0.33322345374999995 0.79019261875 0.33753102625 0.7891038374999999 0.36073317875 0.77989867125 0.36543233625 0.7773251812499999 0.36680293625 0.7751476150000001 0.36739032375 0.77316800875 0.36758613375000004 0.7716833049999999 0.36729243250000004 0.7700006424999999 0.366509235 0.7683179775000001 0.3645512475 0.7655465300000001 0.36132056625 0.7636659025 0.3555445025 0.7622801775000001 0.34898524875 0.76237916
0 0.20783950999999998 0.73790747875 0.19988903624999999 0.7484044925000001 0.18969372125 0.7645755725 0.18819716374999998 0.7685474175 0.18801009624999998 0.77015507625 0.187916555 0.7719518575 0.19044200374999998 0.7745997525 0.1942769375 0.77772049125 0.19755066124999998 0.77970641125 0.2016662025 0.7788553 0.2042851775 0.77734221875 0.210552025 0.76883112 0.21850249875 0.75625361375 0.22299217375000002 0.7455674612500001 0.2227115725 0.7380020437500001 0.22074734 0.73384106375 0.21916697 0.7318244025 0.21868956625 0.7310985987499999 0.21738007499999998 0.73090946375 0.21345160875000002 0.73270625375 0.20783950999999998 0.73790747875