2 0.123631915 0.38563850250000004 0.13216843875 0.3926410475 0.1367212475 0.39367083125 0.14098950999999998 0.391405295 0.144119565 0.3841968125 0.14355047125 0.37719429750000005 0.13501394749999998 0.36298326875000003 0.12505466875 0.3528913975 0.11879453875 0.3493901325 0.10968892125 0.3440352625 0.10741250625 0.34300547875 0.1034288125 0.34341738624999996 0.09916055 0.34733056500000004 0.09830688875 0.34959608625 0.1028596975 0.35948201249999995 0.123631915 0.38563850250000004
2 0.08579206125000001 0.53760471375 0.09148307750000001 0.5509918975 0.1071333725 0.56746843 0.11794631125 0.5697339499999999 0.12420642000000001 0.56849821375 0.12591372125 0.56520291 0.12562917499999998 0.56067187 0.11879995125000001 0.5474906399999999 0.10571061875 0.5285426249999999 0.09945050875 0.5213341425 0.09575134 0.51845076125 0.09347494625 0.5172150087499999 0.09319037875 0.5170090475 0.08865289750000001 0.518237845 0.085507515 0.5211281799999999 0.0843693075 0.52607114375 0.08465385375000001 0.53142601375 0.08579206125000001 0.53760471375
2 0.36026334749999994 0.54872637625 0.3847347125 0.55346338625 0.39355580500000004 0.5524336037500001 0.39640131250000005 0.55140382 0.39725493 0.54872637625 0.39697040625 0.54501915125 0.3941248975 0.54007620375 0.38331195875 0.53389751125 0.3531495775 0.5262770975 0.34489759999999997 0.52504136 0.33607652875 0.5258651825 0.33010094500000003 0.5262770975 0.3262939075 0.5264711937500001 0.32611725 0.5297783775 0.32725543625 0.534721325 0.33436920625 0.54007620375 0.36026334749999994 0.54872637625
2 0.49344787375000004 0.49661934125 0.47779758 0.49208829375 0.46499279250000003 0.49085254874999995 0.45702538375 0.4922942475 0.4513343675 0.49579551250000004 0.44820429124999994 0.4980610325 0.44678153625 0.49950273 0.447066105 0.50176825875 0.46157819125000005 0.5081529125 0.49600885624999996 0.5170090475 0.5150737525 0.52030435875 0.5199111075 0.51989244375 0.5221875225 0.5192745750000001 0.5247484625 0.51577331 0.52503303125 0.51268396 0.51678103125 0.50753504375 0.50938273625 0.5027980412499999 0.49344787375000004 0.49661934125
2 0.47296022375 0.59535435625 0.48491135 0.58958756375 0.50056164375 0.58196717375 0.5199111075 0.57063954875 0.5244639375 0.566520415 0.525317555 0.5632251275 0.52417937 0.56137149875 0.52104929375 0.55992980875 0.51706559875 0.55828214875 0.50995182875 0.55828214875 0.5019843975 0.5593119325 0.48519591749999996 0.5671382912499999 0.46783830125000003 0.57928973 0.45873268375000004 0.58917565625 0.45816356874999997 0.5928828675 0.46219041375000003 0.593624445 0.4644237 0.5965900937499999 0.46812286875 0.59638414 0.47296022375 0.59535435625
2 0.53527683375 0.62976664125 0.54694343375 0.6396525675 0.5520653575 0.6425359487500001 0.55974822 0.6423299950000001 0.5617400674999999 0.6377989550000001 0.56373191375 0.63059047125 0.5591791275 0.62399985625 0.5497889425 0.61184842625 0.53129314 0.59866718 0.52104929375 0.59495996125 0.51678103125 0.595989745 0.51626441625 0.5992848725000001 0.51365099875 0.60196249125 0.51365099875 0.6048458800000001 0.519342015 0.6139079925 0.53527683375 0.62976664125
2 0.54938954375 0.461917175 0.56731625375 0.46912565875 0.58012104 0.4732447925 0.58638114875 0.47489244375 0.58951120375 0.47489244375 0.5934949187499999 0.47386266125 0.5971940875 0.47015544249999996 0.5969095200000001 0.46933162 0.59434858 0.46644822374999995 0.5909339575 0.46274100124999995 0.58325109375 0.45697422375 0.56077157625 0.4487359575 0.545690375 0.4458525575 0.538576605 0.447294255 0.5348774575 0.44811808124999997 0.53227316625 0.44979813375 0.5311782875 0.4516193425 0.532316495 0.45367890875 0.5382920575 0.45738613125 0.54938954375 0.461917175
2 0.77194541625 0.45609013875000004 0.7750754925 0.463504575 0.7773518862500001 0.466593925 0.78076650875 0.46679987875 0.7853193175 0.46700584749999996 0.7895875787500001 0.46391649749999997 0.79385584125 0.45650205374999997 0.7961322350000001 0.45094122124999997 0.7972704425 0.43446468875 0.79670134875 0.42066559 0.79072578625 0.41325115375000004 0.786457525 0.41119158624999996 0.78389656375 0.41036775625 0.7795194275 0.41043243500000004 0.77649824625 0.41242732375 0.7730836237500001 0.41963580624999997 0.7702381162499999 0.44476252125000004 0.77194541625 0.45609013875000004
2 0.69952416875 0.68988478125 0.7029387699999999 0.70183026625 0.7114752950000001 0.7152174499999999 0.7165972175 0.7209842424999999 0.72257278 0.7228378474999999 0.7268410425 0.7232497625000001 0.73054021125 0.72221997875 0.731962965 0.7205723275 0.731962965 0.7162472325 0.7299710975000001 0.7073910975 0.7254182887499999 0.69523965875 0.7194427262499999 0.68411799625 0.7174508787499999 0.67938099 0.71460537 0.6773214237499999 0.7119269250000001 0.6759579325 0.708914355 0.6764975975 0.7035078849999999 0.68041077375 0.7000932625 0.68411799625 0.69952416875 0.68988478125
2 0.393086165 0.815053565 0.40162269 0.81134634625 0.41898030625 0.79981277625 0.4295086775 0.78869111375 0.432354185 0.77983497875 0.4312159775 0.77468606125 0.43036233875 0.77221458 0.42780137625000003 0.7709788399999999 0.4232485675 0.77118479625 0.41812664499999996 0.7726264949999999 0.391378865 0.79281024625 0.38113504 0.8049616937499999 0.37828953249999997 0.80949274125 0.378858625 0.81217017625 0.38001216 0.8148956925 0.3822732475 0.8171131325000001 0.38483420875 0.8167012250000001 0.393086165 0.815053565
2 0.37942774 0.9034532475 0.38682605625 0.9125153437500001 0.39280161874999997 0.9170463925 0.4044681975 0.918076175 0.40788282000000003 0.91745829875 0.40759827375 0.91436894875 0.40759827375 0.9098379087499999 0.4044681975 0.90015794375 0.39450891875000005 0.8826516275 0.38654151 0.87152996375 0.3817041325 0.86802870375 0.38028137875 0.86699892 0.37658223125 0.8659691362499999 0.37111841 0.8673832899999999 0.36776116125 0.8694703975 0.36605383875 0.87709079625 0.36804570750000004 0.88471119375 0.37942774 0.9034532475
2 0.53166242125 0.9415552312500001 0.54076803875 0.9578258112499999 0.5535728249999999 0.9654462012499999 0.5564183325 0.9652402474999999 0.5606865950000001 0.96235685125 0.5635321025 0.9619449437500001 0.5635321025 0.95885559375 0.55727199375 0.9421731074999999 0.54247536 0.91766426 0.53820709875 0.91333916625 0.53583066625 0.91240941625 0.53166242125 0.9153987325 0.52910146 0.9228131775 0.52995512125 0.9314633587500001 0.53166242125 0.9415552312500001
0 0.24945294625 0.08727311875 0.2341067825 0.09168763375 0.22544996375 0.0959597475 0.2201378175 0.0992350325 0.21915408875 0.10065907125000001 0.22072806125 0.10379195499999999 0.22525322125 0.10692485 0.22761416499999998 0.10792166625 0.22859789374999998 0.10948810625 0.2295816225 0.11062733500000001 0.234303525 0.110484945 0.2533878625 0.104219165 0.26617634 0.1003742675 0.2740461725 0.0963869575 0.275226645 0.09510532625 0.27384943 0.09339648 0.27308120625 0.0911907575 0.2740461725 0.08812753875 0.27247221499999996 0.08698831 0.26302841 0.08613388875 0.24945294625 0.08727311875
0 0.46602576375 0.26702438375 0.4534851375 0.27442316125 0.44726752374999995 0.27968621 0.444316785 0.28350001375 0.44400063625 0.2877714775 0.4441060175 0.2897546475 0.4478998225 0.29211920750000003 0.4505344075 0.2933396225 0.452642075 0.29349218125 0.45464436124999996 0.2946363225 0.45601434124999995 0.29509397125 0.4588596975 0.29402610875 0.47698563875 0.28403394375 0.49079086250000004 0.276482615 0.49669232999999996 0.27182977625 0.49827308125 0.26916011375 0.4973246375 0.26656672875000004 0.4958492675 0.26420217 0.49501870750000004 0.26267132375 0.49416313500000003 0.26092229875 0.49026394500000003 0.26054091875 0.4780394725 0.26305803 0.46602576375 0.26702438375
0 0.61664858125 0.51277438 0.6249738862499999 0.5231466825 0.6352099062500001 0.53371655375 0.6405326275000001 0.53835939125 0.6458553600000001 0.5414216875000001 0.6530888175 0.5449779124999999 0.65540897875 0.54557061375 0.6574561825 0.54438520375 0.65841155 0.54290344625 0.66182355625 0.54102655875 0.6626424362500001 0.53885331 0.6611411549999999 0.53411169 0.65581842375 0.5256162787499999 0.6420339187499999 0.50783518875 0.6338451025 0.4988458575 0.6307060525 0.496178695 0.6283858925 0.49479571875 0.6257337025 0.49431539874999997 0.6216983575 0.4988458575 0.61555674625 0.5058595112500001 0.6144649 0.5069461325 0.61664858125 0.51277438
0 0.15679365625 0.5234212575 0.155295355 0.53036182875 0.15589467499999998 0.54135106125 0.15749285999999998 0.549737585 0.15869150625 0.5552322012500001 0.1602896925 0.5571119375 0.16348606499999999 0.55776261625 0.1656835775 0.55761802375 0.1716767825 0.5576903200000001 0.17537258875 0.55740112875 0.17846907625 0.5555213925 0.1791682875 0.5545815212499999 0.17836919125 0.55342476125 0.17667111875 0.552701785 0.176171685 0.5516896175 0.178269305 0.54735176375 0.17757009375 0.5404834925 0.17667111875 0.5331091375 0.1718765525 0.5263131612499999 0.16858028749999998 0.52038476 0.16728176375 0.5189388075 0.1656835775 0.5184327262499999 0.16374267374999998 0.51829915875 0.16208764875 0.5182158312499999 0.15959047999999998 0.51937259375 0.1581920725 0.52089084125 0.15679365625 0.5234212575
0 0.48919760500000004 0.74185153 0.492392475 0.74772636375 0.497832395 0.7535387 0.50042283125 0.7554136475 0.5034450075 0.7559761325 0.5184695425 0.7569761024999999 0.5302128549999999 0.75678860875 0.537984165 0.75610112875 0.5389339975 0.75528865 0.53642990125 0.7443514587500001 0.53418485625 0.74091405625 0.53159442 0.74035157125 0.52701797875 0.7401640775 0.5176060637500001 0.73935160125 0.50508561875 0.73928910125 0.49757334875 0.7386641187499999 0.49455671875 0.7386473487499999 0.49161534250000005 0.7384141275 0.48962934500000005 0.7390391099999999 0.489024905 0.74010157875 0.48919760500000004 0.74185153