2 0.17160457875 0.3124862025 0.17756031125 0.311488235 0.18780417875000002 0.307496385 0.20043032125 0.30225707125 0.2097212675 0.2992631875 0.22020336000000001 0.29302591625 0.22854138625 0.28529169374999996 0.23116190499999997 0.2763100275 0.2297325325 0.27156969625 0.22877961125 0.26982326375 0.22472972125 0.26707886375 0.2213945075 0.26558192625 0.215438775 0.26558192625 0.20495668125000002 0.268076835 0.1897100025 0.27381511875000003 0.17017520625 0.2830462825 0.15826374124999998 0.28953304125 0.148972795 0.29851470750000003 0.14873457 0.3032550375 0.14992571625 0.30699740125 0.1508786275 0.31098925125 0.15921665375 0.312985185 0.17160457875 0.3124862025
2 0.41316911500000003 0.31123874749999997 0.40721338125 0.30774587125 0.40149585625 0.30300555125 0.39554012375 0.29751675 0.38196106125 0.29003202375000003 0.35885282625000003 0.2803018775 0.34289147 0.2790544225 0.33264760250000003 0.28404424 0.32859771125000004 0.28953304125 0.33002706625 0.29427337125 0.344797275 0.30574994624999996 0.36314096125 0.3124862025 0.39411077 0.32246583624999997 0.40745158875000004 0.32471124875 0.41102502874999997 0.3207194175 0.41531316375000005 0.3179750025 0.41531316375000005 0.31473161375 0.41316911500000003 0.31123874749999997
2 0.1318066975 0.42878320375 0.10304632625 0.4420579825 0.09709059375000001 0.4480457675 0.09685235875 0.45577998000000003 0.09923465249999999 0.45902335875 0.10328455249999999 0.46052031 0.11233726375 0.46052031 0.13306322375000001 0.45677794749999995 0.16379479 0.44380442000000003 0.17403865750000003 0.43731766625 0.17808854875000002 0.43357530375000003 0.17832679250000003 0.42958344 0.17665917625 0.42758751500000003 0.17189458999999999 0.42609057749999996 0.16927407125 0.42559159 0.16689177749999998 0.42359567 0.16522417999999997 0.42085125875 0.16141249625 0.41910482625 0.15378916625 0.4206017725 0.1318066975 0.42878320375
2 0.31280920125 0.50786883 0.3230530325 0.5270796375 0.32924700875 0.53456436375 0.33729399375 0.53643368375 0.34110567750000004 0.5369326575 0.34229682375000003 0.533938775 0.34396442125 0.529198445 0.34420262874999996 0.52395914 0.34229682375000003 0.51497745375 0.32990887125 0.48553753499999996 0.32180908875 0.47081758 0.31418574 0.45934099375000004 0.30846825125 0.45410169000000006 0.30185063875 0.45522626250000003 0.3006594925 0.458220155 0.30280354125 0.471692655 0.3039946875 0.48316924125 0.31280920125 0.50786883
2 0.3117490025 0.709809725 0.3117490025 0.71729445125 0.31746649125000004 0.75821095625 0.320801705 0.7704360124999999 0.32556629125000003 0.777421745 0.33366609124999996 0.78066513375 0.33890712875 0.77941768 0.34414818375 0.77268143375 0.34486286125 0.765446195 0.33747775625000004 0.70556837875 0.33176025000000003 0.6918463812500001 0.3303308775 0.6886030025 0.32699566375000005 0.687605045 0.32202257375000004 0.6873110162499999 0.3191341075 0.68610809375 0.3148459725 0.6913474075 0.3134166 0.69883213375 0.3117490025 0.709809725
2 0.5734798325 0.780090565 0.59158527375 0.75913332875 0.6120729725 0.72919442625 0.6142170575 0.7187158075000001 0.60945247125 0.71297752 0.60540254375 0.71073209875 0.59897036 0.71048261125 0.58896473625 0.7149734449999999 0.5825325525 0.7207117325 0.5641889225 0.74615982125 0.5575184575000001 0.76212722125 0.5541832625 0.76936245 0.55299211625 0.776098725 0.55465971375 0.7785936237500001 0.5572802325 0.7813380200000001 0.56085367125 0.7825854737500001 0.56514180625 0.7838329275 0.56871524625 0.7838329275 0.5734798325 0.780090565
2 0.63637235375 0.5530840312499999 0.62231683875 0.56905144125 0.611834765 0.5820249675 0.6042113975 0.5954974775 0.6006379574999999 0.60248323875 0.6006379574999999 0.613211325 0.60444964125 0.6199476 0.608261325 0.62269198625 0.6142170575 0.6229414725 0.62160214375 0.6172031849999999 0.64399572 0.59100664375 0.6556689412500001 0.57179584625 0.6601952837499999 0.5613172275 0.6611482225 0.5545809725 0.6611482225 0.5518365775 0.65768614 0.5489262475000001 0.65519249 0.54609829 0.65233374625 0.544850835 0.6470926724999999 0.54609829 0.63637235375 0.5530840312499999
2 0.51225489 0.48622047875 0.49176717375 0.49270724125 0.47080300625 0.50143941875 0.46294143125 0.5056807637499999 0.45698569874999995 0.5106705850000001 0.4560327775 0.5156604025 0.46175028500000004 0.5213986899999999 0.4669913225 0.52514105375 0.47366175 0.5263885075 0.48533498999999997 0.525390545 0.501772815 0.52089970625 0.52368990375 0.51191804 0.536792515 0.50268687625 0.53988950375 0.49844552999999997 0.5382218875 0.496948585 0.53765737625 0.49344766999999995 0.536792515 0.48946386 0.53321907625 0.48622047875 0.52559574625 0.4847235325 0.51225489 0.48622047875
2 0.59158527375 0.3833419825 0.5803884675 0.37211489375 0.5649035625 0.35939086875000004 0.55275387125 0.3539020625 0.5451305412499999 0.35215562499999997 0.53988950375 0.35315359749999997 0.5351249175 0.3558979875 0.53178970375 0.3578939125 0.532266155 0.36238475125 0.53298085 0.3646301675 0.53488667375 0.36837253124999997 0.5420335525 0.37635623500000004 0.55323034125 0.38783281625 0.56800055125 0.40105583 0.58157961375 0.4107859775 0.59015588375 0.41402935625 0.5944440175 0.41452834000000005 0.59944681125 0.41477782750000003 0.6025860875 0.41054147999999996 0.606831935 0.4067941275 0.6056407875 0.40305176375 0.5980174575 0.39107619499999996 0.59158527375 0.3833419825
2 0.55275387125 0.2139086325 0.5734798325 0.21814997875 0.5980174575 0.21989641625 0.6120729725 0.21964692 0.6177904975 0.21790049125 0.6227932912499999 0.214906595 0.62589027875 0.21241168625 0.6289872675 0.20767136 0.6316077674999999 0.205675435 0.63113131625 0.20293104499999998 0.62874902375 0.200186635 0.6232697425 0.19569580125000002 0.6092142275 0.19145445500000002 0.580864955 0.1872131125 0.559662525 0.18621515 0.54941867625 0.1872131125 0.5432247 0.18895954625000003 0.54060418125 0.19020700000000001 0.53855089 0.19517239249999999 0.53703074125 0.19868969374999998 0.535839595 0.2019330725 0.536792515 0.205675435 0.55275387125 0.2139086325
2 0.6668291687500001 0.264555275 0.6701643824999999 0.28426507624999997 0.6744525175 0.28750843625 0.68326699375 0.28451454375 0.687793355 0.28226913124999997 0.6937490875000001 0.2717905325 0.69922835125 0.25432615375 0.7025635825000001 0.22887808375 0.7011341925000001 0.21041577 0.69922835125 0.20467747249999999 0.696846075 0.20143408875 0.69398731375 0.1999371475 0.68969919625 0.20068561875000002 0.68398169 0.20143408875 0.6765965850000001 0.21216219875 0.66968793125 0.23960618875 0.6668291687500001 0.264555275
2 0.589167655 0.08137462250000001 0.5648682737499999 0.0599183975 0.5570067000000001 0.054679091250000006 0.55128920125 0.0529326525 0.54700106625 0.0524336725 0.54461877375 0.0539306175 0.5434276275 0.057173999999999996 0.5458099200000001 0.06765262500000001 0.558674315 0.08910883 0.57677973875 0.11031555375 0.589167655 0.1175507925 0.5986968275 0.12229111250000001 0.605367255 0.12179212874999999 0.605367255 0.11705180875 0.608940695 0.11131352124999999 0.60727307875 0.10532573625 0.6022702675 0.0960945725 0.589167655 0.08137462250000001
2 0.77165131625 0.11854875 0.7845156837499999 0.14424630625 0.7928537099999999 0.15422594125 0.8019064312499999 0.15871678375 0.8081004075 0.1584672875 0.81191205375 0.15746933 0.8142943475 0.15497442125 0.81477079875 0.14923612375 0.8142943475 0.14150191125 0.8100062124999999 0.12902736750000002 0.7952360025 0.09933795125 0.78284808625 0.08187359624999999 0.77784525625 0.07788174125 0.7726042187500001 0.07763225875 0.7660992175 0.07954007375 0.76259859625 0.08212308875 0.7618839 0.08761189375 0.76355149875 0.09858948125 0.77165131625 0.11854875
2 0.7494959837499999 0.27394619124999997 0.7468754475 0.30912439875000003 0.74711369125 0.3223474225 0.74854308125 0.33107960249999996 0.75378411875 0.33606941999999995 0.7595016075 0.33706737750000004 0.7659337912499999 0.33432298250000003 0.7714130725 0.32958265124999997 0.77403361 0.3223474225 0.77617765875 0.308625425 0.7780835 0.27244925 0.77689235375 0.25548386875 0.77546296375 0.24650219624999997 0.77284246375 0.24425678 0.77165131625 0.24425678 0.76688673 0.24575372625 0.76355149875 0.24475575875 0.75831046125 0.24874762375 0.75283118 0.25673132375 0.7494959837499999 0.27394619124999997
2 0.64133987625 0.39077792250000004 0.64943967625 0.39227487250000004 0.6711185399999999 0.39302334375000003 0.69494147 0.39277385625 0.7025648 0.39227487250000004 0.71185574625 0.39027894875 0.7173350275 0.38728505625 0.72114671125 0.38254472624999997 0.72114671125 0.37730542125 0.7185261749999999 0.37281458749999996 0.7123321975 0.36757527375000004 0.70185012375 0.36383291125 0.6906533349999999 0.36258545624999994 0.66254228875 0.36308444 0.64801030375 0.36632781999999997 0.63562237 0.3720661075 0.63395477125 0.37506 0.63466944875 0.3815467675 0.6349076925 0.3855386175 0.6370517425 0.3887819975 0.64133987625 0.39077792250000004
2 0.7873300775 0.37780440499999995 0.81567935 0.38429116375 0.83902582875 0.3887819975 0.8509372937499999 0.38803352625000004 0.8542725262499999 0.385039635 0.8549871849999999 0.38054879999999996 0.8549871849999999 0.37555898374999996 0.8518902325000001 0.368323745 0.84402865875 0.361088515 0.83116425375 0.35609869875 0.82115863125 0.35485124375 0.80043268875 0.3506098975 0.7925711137499999 0.34986142125 0.7835184112500001 0.349611935 0.7742274650000001 0.35011091375 0.76922465375 0.35210684375 0.7677952637500001 0.35385327625 0.7675570374999999 0.35634818500000004 0.7704158 0.36083901875 0.7685099587499999 0.36433189499999996 0.769701105 0.36757527375000004 0.7756568375 0.3720661075 0.7873300775 0.37780440499999995
2 0.76922465375 0.47872643875000004 0.7587425600000001 0.47398610875 0.73944599 0.46949527500000005 0.714908365 0.4677488375 0.70752326 0.46949527500000005 0.6977558625 0.474235605 0.6932295025 0.47872643875000004 0.69013251375 0.48271828874999995 0.6937059537499999 0.4892050575 0.70037638125 0.49369589124999996 0.71300252375 0.49743825375 0.72705805625 0.499683675 0.74254296 0.5019290875 0.7546926512500001 0.50317654125 0.76684236 0.5034260375 0.77232162375 0.50292705375 0.7756568375 0.5016796 0.7792302775000001 0.4986857075 0.78009760875 0.49438270125 0.7832801675000001 0.49169996625 0.7832801675000001 0.48820709 0.78137434375 0.48546269375 0.76922465375 0.47872643875000004
2 0.83235540125 0.55045582 0.8075795675 0.5586890125 0.7980503950000001 0.5631798462500001 0.7944769562499999 0.5674211925 0.7959063462500001 0.5744069350000001 0.80352967625 0.579147265 0.81663228875 0.5836380987500001 0.8347376937500001 0.579895735 0.8607047099999999 0.57191202625 0.8690427350000001 0.56792017625 0.87666606625 0.56293035875 0.8814306512500001 0.56018595375 0.8830982500000001 0.5586890125 0.88405118875 0.55719206125 0.88166040875 0.551731345 0.8785719075 0.54771141 0.8728543825 0.5454660025 0.8587988675 0.5454660025 0.83235540125 0.55045582
2 0.78780652875 0.77933985125 0.777800905 0.7548897675 0.7727980925 0.74515960125 0.7625542262499999 0.7249508450000001 0.75373974875 0.716218665 0.7461163999999999 0.7127257887499999 0.738731295 0.712226815 0.73301378875 0.7112288474999999 0.72991681875 0.71347426875 0.7301550437500001 0.7212084824999999 0.7392077462500001 0.7419162212499999 0.7616013049999999 0.7785913987499999 0.7718451725 0.7910659325 0.77827735625 0.7950577825 0.7816125700000001 0.79455879 0.7835184112500001 0.7933113350000001 0.7851608575 0.7904762375 0.7885212237499999 0.7900679662500001 0.7894741437499999 0.78906999875 0.7906652912500001 0.78732357 0.78780652875 0.77933985125
2 0.7461163999999999 0.92480123125 0.77113047625 0.93353341125 0.785900705 0.93752526125 0.7942387125 0.93577882375 0.79685924875 0.9310385025 0.7963827975 0.92280529625 0.7911417425 0.91432261375 0.781850795 0.907087375 0.7646982925 0.89860469125 0.74778401625 0.8933653775 0.7401606675 0.8921179225 0.73134619 0.89087046875 0.7265816049999999 0.89087046875 0.72372284125 0.89261690625 0.7220191749999999 0.896446555 0.7213405487500001 0.9008501025 0.72205524375 0.9058399199999999 0.72729628125 0.912576175 0.7461163999999999 0.92480123125
0 0.85685205375 0.7151244637499999 0.8549168174999999 0.719177895 0.8543639025 0.7214941399999999 0.8542256625 0.723376095 0.8546403599999999 0.7249685125 0.8562991275 0.7259818662499999 0.8586490612500001 0.72699523125 0.85934021625 0.7282981225 0.860860755 0.72989054 0.86141368125 0.73119343125 0.8621048362499999 0.7319172575 0.86556061 0.7319172575 0.87233393125 0.7297457762499999 0.8865717175000001 0.72207320375 0.8985978099999999 0.71179485375 0.90509468375 0.7065833112500001 0.9086886775 0.704267055 0.90965629 0.7029641750000001 0.9077210637500001 0.6983316687500001 0.90426529 0.68979051125 0.9012242112500001 0.6837103612500001 0.89998012 0.6808150525000001 0.8969390425 0.6789331037499999 0.89540785375 0.67720633625 0.88546586625 0.6831312975 0.86887815625 0.69760784125 0.86030782875 0.70846525 0.85685205375 0.7151244637499999