2 0.24838116124999998 0.295257545 0.24212836375 0.30441067875 0.2410862175 0.31275617375 0.24212836375 0.31733274125 0.24977068 0.32325535625 0.2664448575 0.3178711625 0.279992625 0.305218305 0.28902446000000004 0.29202702625 0.29458251 0.28314310875 0.29736154875 0.2766820775 0.29840366875 0.27129788375 0.29875104125 0.26725973875000003 0.29944581375 0.26349080375 0.29805629499999997 0.26133713375 0.292498245 0.26052949625 0.288026555 0.25969952625000003 0.2838137825 0.25864503625 0.2747819475 0.262144755 0.26158155375 0.2766820775 0.24838116124999998 0.295257545
2 0.43218763625 0.3412923975 0.45025133250000005 0.35017632499999995 0.47039927 0.35879102625000003 0.4891577125 0.36525208374999996 0.49645265625 0.3668673175 0.5027054787499999 0.3668673175 0.5100004225 0.3665981325 0.51486372625 0.36282917124999997 0.51416895375 0.3571757925 0.511737315 0.3493686875 0.5058318912499999 0.34210003375 0.4672728575 0.3259474525 0.45337771875 0.32325535625 0.4387878325 0.322716935 0.4332297825 0.32298614000000003 0.43047636375000004 0.3262891475 0.42906122500000005 0.32971638249999996 0.42836647749999995 0.33240847875 0.42940862375 0.33617741875 0.43218763625 0.3412923975
2 0.63229596 0.3453305425 0.6423699412499999 0.3531376475 0.66772858125 0.36417521999999997 0.6969083525 0.36875178625 0.7108034925 0.37036705124999997 0.7146246775 0.370097835 0.71636157 0.3671365325 0.71670897 0.36444443625 0.71670897 0.35986789 0.7142772775 0.356368145 0.7073297075 0.3515223725 0.67919205625 0.34048477 0.6569598537500001 0.33321610625 0.64966488375 0.3318700575 0.6448016062499999 0.33025480375 0.6376366025 0.33066119374999997 0.63160121375 0.332677695 0.6309064675 0.3356389975 0.62986432125 0.33967714250000003 0.63229596 0.3453305425
2 0.69968739125 0.33959798375 0.71010874625 0.34740506875 0.71636157 0.349558745 0.7208775 0.349558745 0.724351285 0.3484819125 0.72782507 0.34498217750000004 0.72990931 0.3347522125 0.72713032375 0.32263777625 0.71740371625 0.30621598375000003 0.7042033225000001 0.29114024625 0.69586626 0.28494842 0.6892660374999999 0.28064106875 0.68193501875 0.28391393375 0.6739813787500001 0.28737131125000004 0.67293925875 0.29517839125 0.68023420125 0.31375385875 0.69968739125 0.33959798375
2 0.7698578349999999 0.36867263875 0.78097398875 0.37217236249999996 0.8139749449999999 0.37755655625 0.84697590125 0.38051785875 0.85531296375 0.37674892875 0.85878674875 0.37109551875 0.85913414875 0.36759581625000004 0.854965565 0.36167318000000004 0.83794404 0.35440451625 0.816059185 0.34982796 0.79209009 0.34686664749999996 0.7775002037500001 0.34740506875 0.7698578349999999 0.3509047925 0.7656893037499999 0.3546737325 0.76141158875 0.35992027 0.76256291875 0.36463449249999996 0.7649945575 0.36598054124999996 0.7698578349999999 0.36867263875
0 0.8197269425 0.4465529875 0.8141688662500001 0.46082111 0.810347735 0.46943581125 0.80617923 0.47643526875 0.80791609625 0.48693444125 0.81138988 0.49124180250000005 0.8183374499999999 0.49447231 0.8291061512500001 0.4955491525 0.8374432675 0.49285705625 0.842306545 0.48101183625 0.85307529875 0.44789903625 0.85446479125 0.44116879500000006 0.85446479125 0.43793828625000003 0.8520331525 0.43524619000000003 0.8475172225000001 0.431746455 0.84161179875 0.4285159475 0.8339694824999999 0.431746455 0.82424287375 0.44170721625 0.8197269425 0.4465529875
2 0.73252200625 0.46330868625 0.73182726 0.48134573625 0.73634319125 0.49130648625 0.7457223999999999 0.49669069125 0.75266997 0.49722910249999996 0.7544068625 0.4953446425 0.75857539375 0.48807597875 0.76309132375 0.46573156625 0.7672598549999999 0.44069506750000004 0.76656510875 0.43396482625 0.75961753875 0.42400406500000004 0.7568385000000001 0.4207735575 0.754059515 0.4188890875 0.75058573 0.41942750875 0.7419012687500001 0.42265801750000004 0.7373853375 0.42804221124999997 0.7346062987499999 0.43934902000000003 0.73252200625 0.46330868625
2 0.74815403875 0.51418932 0.7544068625 0.52334245375 0.7780286099999999 0.537610555 0.79887131875 0.5456868450000001 0.8165876425 0.54810973625 0.820408775 0.54810973625 0.8238825587499999 0.5446100025 0.8249247049999999 0.5400334462499999 0.8249247049999999 0.5346492525 0.8155454962500001 0.523880865 0.78671307125 0.50745907875 0.76864940125 0.50072883625 0.7623965775000001 0.4991135825 0.7592701925 0.49884435625 0.7544628175 0.49848049375000003 0.7488488375 0.50045963 0.7464171462500001 0.5031517275 0.7457223999999999 0.5079974899999999 0.74815403875 0.51418932
2 0.665477975 0.42373486 0.6178871325 0.43261877749999994 0.60781315125 0.43719534375 0.60538148625 0.44365638124999995 0.6074657775 0.4485021525 0.61476072125 0.45227108250000003 0.6224030375 0.455232395 0.644635265 0.45442476875 0.68423641875 0.44796373125 0.6977841850000001 0.44177191125 0.7016053425 0.43907981375 0.70195271625 0.43584929625 0.69930694625 0.43088193750000003 0.6943104 0.42804221124999997 0.68701543 0.42508090875 0.677983595 0.42400406500000004 0.665477975 0.42373486
2 0.6703412787499999 0.47057734875 0.65054068875 0.47757681750000003 0.6418562274999999 0.48269178500000004 0.6356034300000001 0.48753755750000005 0.6356034300000001 0.49103730125 0.6352560574999999 0.49426780000000003 0.640119335 0.49857514999999997 0.6498459425 0.5034209325 0.658530405 0.5034209325 0.6703412787499999 0.50072883625 0.6981315575000001 0.49076807625 0.7148057087499999 0.48323019625 0.72349017125 0.47838442375 0.7266165825 0.47623076875000003 0.7280061025000001 0.4735386725 0.72493054 0.47023035125 0.72210067875 0.46546238125 0.7158478549999999 0.46250105875 0.6984789312499999 0.46303947 0.6703412787499999 0.47057734875
2 0.48045135125 0.4225627975 0.45995598875 0.44033063375 0.45022940749999996 0.45244506875 0.44849251500000004 0.45917531124999994 0.44988200749999996 0.4656363475 0.455440085 0.47209737375000005 0.460650735 0.47371263874999997 0.46481932 0.474520265 0.47871445875 0.4656363475 0.49573598375000005 0.4519066525 0.5051151925 0.4419459025 0.51102061625 0.43252356375 0.5120627625 0.42390884624999997 0.5120627625 0.4204091275 0.51067327 0.41771702 0.50734714375 0.41440268750000003 0.5037257 0.41314045374999997 0.49782027624999997 0.41314045374999997 0.49226219875 0.41475571250000004 0.48045135125 0.4225627975
2 0.50893637625 0.51624778625 0.47767231375 0.5224395875 0.4665562125 0.52674694875 0.46099813500000003 0.53186192625 0.45648220375000004 0.53724612 0.455092685 0.5426303137499999 0.45613488375000005 0.54666845875 0.46099813500000003 0.549360555 0.46864045125 0.55043739875 0.47940920499999995 0.55043739875 0.49747287625 0.54720689 0.52456840875 0.54155347 0.538810895 0.53536165 0.54193733375 0.5321311412499999 0.54297947875 0.5305158775000001 0.54297947875 0.5283622225 0.5438281924999999 0.5233675237500001 0.54332682625 0.519478285 0.53846354875 0.51732460875 0.52109462375 0.51624778625 0.50893637625 0.51624778625
2 0.38318534875 0.5426303137499999 0.39395407624999995 0.56228262875 0.40576495 0.56739761625 0.41305989375 0.56632077375 0.41722845124999997 0.56416708875 0.42000746375 0.5577060512500001 0.42104960875 0.5461300475 0.41757582499999996 0.53078509375 0.4088913625 0.50817149625 0.39985952625000004 0.49847993125 0.39464885000000005 0.496326245 0.390827665 0.49444178625 0.38530935125 0.49410844750000005 0.38075370999999997 0.4952494125 0.3755430325 0.503864125 0.37415351375 0.51355569 0.38318534875 0.5426303137499999
2 0.28661411875 0.48771154375000003 0.29842499375 0.5124788262500001 0.31058324 0.52513168375 0.3178781825 0.5286314075 0.326562645 0.52674694875 0.33212072249999997 0.52620852625 0.3355945075 0.52163198125 0.3355945075 0.5146325125 0.33212072249999997 0.49767229375 0.31961507499999997 0.47236659000000003 0.31509917125000003 0.46671318 0.31058324 0.46348267249999997 0.29946713875000003 0.45971373249999997 0.29529858125 0.4599829375 0.29106664250000003 0.46114994875 0.2873088925 0.4637518775 0.28487722625 0.46698239625 0.28418247999999996 0.47317421625 0.28661411875 0.48771154375000003
2 0.15101687249999998 0.48367339875 0.122879195 0.47182816875 0.10759456249999999 0.4694052775 0.09960484624999999 0.4694052775 0.09265727625 0.4734434225 0.08848874500000001 0.47721236125 0.08640445375 0.48044288 0.08814134624999999 0.48475023125 0.09786795375 0.49174968874999997 0.128784645 0.50440253625 0.1485852075 0.51113277875 0.159701335 0.5127480425000001 0.16525938499999998 0.5127480425000001 0.167691025 0.51220964125 0.17116480875 0.5105943675 0.17424042750000002 0.50756089625 0.17776500625 0.50521017375 0.17811237875 0.5011720275 0.16803839750000002 0.49363414874999995 0.15101687249999998 0.48367339875
2 0.057919427499999995 0.61766910875 0.050277112500000005 0.6260146050000001 0.04888759249999999 0.6300527499999999 0.049234966250000005 0.6370522075 0.05270875 0.6429748125 0.058961573749999996 0.6459361250000001 0.07077242125 0.64351323375 0.09265727625 0.6351677375 0.12600560625 0.61174649375 0.13156365625 0.6074391425000001 0.13225842875 0.6034009975 0.13017416375 0.6007089 0.12516473250000001 0.5960107475 0.12357396749999999 0.5937094425 0.11384735875 0.5937094425 0.08015165625 0.60528545625 0.057919427499999995 0.61766910875
2 0.27209403875 0.6486282225 0.26063053750000004 0.6456669100000001 0.24291424 0.6429748125 0.23631404374999998 0.6408211375 0.23145074000000002 0.6386674825 0.2251979425 0.635975385 0.2172082275 0.63624457 0.20852376499999997 0.63759061875 0.20192356875 0.639744305 0.19775503749999998 0.6427056274999999 0.19532339875000002 0.647820595 0.19775503749999998 0.6521279662499999 0.20088144875000002 0.65616611125 0.22207153125 0.66558844 0.24534587875 0.6709726337499999 0.26167268374999997 0.67393393625 0.27417830375 0.673395505 0.2835575125 0.67124184 0.28633655125 0.6674729 0.28981033624999997 0.66370396 0.29154722875 0.65912740375 0.279736355 0.6523971512500001 0.27209403875 0.6486282225
2 0.368340695 0.6580505612499999 0.37181448000000006 0.66478080375 0.3839727275 0.67366473125 0.40377331624999996 0.6841638925 0.4128051525 0.6882020375000001 0.42739503749999996 0.6938554575000001 0.43920591125 0.69627832875 0.44302706999999997 0.69627832875 0.445458735 0.69035572375 0.44789037375 0.6857791675 0.44684822750000003 0.68093338375 0.43816376625 0.6704342025 0.3999521325 0.6464745462499999 0.38675176624999996 0.64243640125 0.38188846125 0.6410903525 0.37667778375 0.64135957875 0.37077235999999997 0.6427056274999999 0.36695117625 0.647820595 0.36695117625 0.6523971512500001 0.368340695 0.6580505612499999
2 0.57279230125 0.594786285 0.5682763975 0.6147077962499999 0.5693185175 0.6287067012499999 0.5752239674999999 0.63651378625 0.58147676375 0.63839825625 0.58668744125 0.63759061875 0.590508625 0.63436011125 0.59606667625 0.62439935 0.6075301762499999 0.59532470625 0.6085723225 0.58455631875 0.6085723225 0.577287655 0.6071827774999999 0.5719034562499999 0.60266684625 0.567326895 0.59637827375 0.5650701162499999 0.58877173375 0.5651732150000001 0.584603175 0.5654424250000001 0.5807820175 0.57136504 0.57279230125 0.594786285
2 0.49845332625 0.6628963437500001 0.52138030125 0.67985654125 0.53701233375 0.68550994125 0.54778106125 0.6900865174999999 0.56202357375 0.6922401825 0.57140280875 0.69170177125 0.5773082325 0.6882020375000001 0.580434645 0.68497153 0.57800297875 0.6795873362499999 0.5682763975 0.67070340875 0.5488232075 0.6607426574999999 0.52589620625 0.64835900625 0.516169625 0.64432086125 0.50887468125 0.64243640125 0.5030041625 0.6441032525 0.49741118125 0.6467437725 0.4946321425 0.65024347625 0.49428476875 0.65482006375 0.49845332625 0.6628963437500001
2 0.59087041625 0.6865867837499999 0.5936494274999999 0.70408541375 0.59851273125 0.71862274 0.60858671375 0.73150865375 0.61483953625 0.732047065 0.6228292262499999 0.7282781262500001 0.62699778375 0.7234323637500001 0.62977679625 0.71077949625 0.62456611875 0.6763206587499999 0.62143970625 0.665283065 0.61761854875 0.66070649875 0.61310264375 0.65855282375 0.6092814599999999 0.65774518625 0.60376134375 0.6595735687500001 0.5974706125 0.6626271174999999 0.5915651625 0.6698957912500001 0.59087041625 0.6766260337500001 0.59087041625 0.6865867837499999
2 0.6624462975000001 0.60446979375 0.6575829937500001 0.618737905 0.65619347375 0.62654499125 0.6554987275 0.630044715 0.6575829937500001 0.6340828599999999 0.66036203125 0.63677495625 0.6673096012499999 0.638121005 0.67529929 0.63569812375 0.68259426 0.6311215575 0.6912787225 0.622506845 0.70656335375 0.595047455 0.711079285 0.5861635375 0.711079285 0.58239460375 0.7103845387500001 0.579164095 0.70656335375 0.57647199875 0.70308957 0.5743183125 0.697135455 0.5738142075 0.6909313225 0.5721646324999999 0.6829416325 0.57512595 0.672172905 0.5880480075 0.6624462975000001 0.60446979375
2 0.78368139375 0.63219839 0.80938738125 0.63758258375 0.847599015 0.6410823175 0.85593613 0.6386594474999999 0.859062515 0.63596733 0.859409915 0.63219839 0.85975726125 0.62842946 0.8541992374999999 0.6233144724999999 0.84620952125 0.6198147487500001 0.81598760375 0.61416134875 0.79583964125 0.6101232037500001 0.7871551787500001 0.6101232037500001 0.77916546375 0.61093083125 0.771834745 0.6138352425 0.76943888125 0.6173918574999999 0.76874410875 0.62169921875 0.77221789375 0.6260065687499999 0.78368139375 0.63219839
2 0.7107319124999999 0.68361744625 0.70308957 0.6919629424999999 0.69753151875 0.6984239787500001 0.6954472537499999 0.703000535 0.6971841462499999 0.70703868 0.698573665 0.7110768249999999 0.70204745 0.71349971625 0.7058686075 0.7148457650000001 0.7114266587500001 0.71349971625 0.7294903549999999 0.704885015 0.7614491662499999 0.6793100950000001 0.76700721625 0.669349335 0.7677019887500001 0.6631575037499999 0.76596509625 0.65992699625 0.7645755775 0.65723489875 0.76005964625 0.65454280125 0.7541542225000001 0.6540043799999999 0.749985665 0.65427358625 0.7353957787500001 0.6626190925000001 0.7107319124999999 0.68361744625
2 0.18983482625 0.729612925 0.20477211125 0.74711155375 0.21519346625000002 0.75384179625 0.22075151625 0.75868757875 0.223183155 0.7600336274999999 0.22700434000000003 0.7568030987500001 0.23395191 0.75276495375 0.2356888025 0.7457655062499999 0.23290976375 0.73365107 0.21588821249999998 0.7069993175 0.20616163125 0.69461566625 0.20268784625 0.69057752 0.19990880749999998 0.688423845 0.19712976875 0.6873470025 0.18900656625 0.68916895625 0.1825398825 0.69380803875 0.18080299125 0.70349958375 0.1814977375 0.7148063925 0.18983482625 0.729612925
2 0.35295592249999996 0.72880933625 0.32794465500000003 0.7374240274999999 0.32342875125 0.740654535 0.32134445874999995 0.74361585875 0.32203923250000005 0.74684636625 0.32620776375 0.752499765 0.3345448525 0.756268705 0.340797675 0.7586915962499999 0.34982951125 0.7586915962499999 0.37727241624999996 0.752499765 0.39464134125 0.74657716 0.4102733725 0.73877007625 0.41374713125 0.73500113625 0.412010265 0.73230903875 0.40853648 0.7274632875 0.4033258025 0.72423274875 0.3974203525 0.72207909375 0.3793566825 0.7234251424999999 0.35295592249999996 0.72880933625
2 0.66470140875 0.77720920375 0.64073228875 0.7704789612499999 0.63100568 0.76832528625 0.6261424025 0.7669792375 0.620584325 0.76724844375 0.61606842125 0.76913291375 0.61433152875 0.77101738375 0.61224726375 0.7747863125000001 0.61259463625 0.7799013012499999 0.6167631674999999 0.785285495 0.62127909875 0.79093889375 0.63204782625 0.7965923037500001 0.65080627 0.803322545 0.67512276375 0.810860435 0.68832313 0.81247566875 0.6945759537499999 0.81247566875 0.6970075925 0.81139883625 0.69843835 0.8062052625 0.7004813775 0.80089965375 0.6963128462500001 0.7947078537500001 0.6845019725 0.78609312125 0.66470140875 0.77720920375
2 0.6560169475 0.84693450625 0.6490693774999999 0.85474159125 0.6473324850000001 0.858241325 0.654280055 0.86227947 0.65705906625 0.86577918375 0.6643540362500001 0.86658682125 0.67269109875 0.8644331362500001 0.6917969150000001 0.8555492287500001 0.7254926450000001 0.8353585025 0.731050695 0.82943587625 0.7327875875 0.8245901050000001 0.7327875875 0.82135959625 0.73209284125 0.81812907875 0.7266677325 0.815285665 0.72097671375 0.8122064837499999 0.7043025625 0.8135525325 0.6740806175 0.830781925 0.6560169475 0.84693450625
2 0.4883595225 0.83882206625 0.49669658499999997 0.8331686575 0.50433895375 0.8253615825 0.51788669375 0.8019403325000001 0.52448686375 0.78740301125 0.5237921175 0.78255723875 0.5203183325 0.7785190937500001 0.51441290875 0.777173045 0.5067705925 0.77771146625 0.49912827625 0.77986514125 0.49357019999999996 0.7836340862500001 0.4887069225 0.78901828 0.47793816749999996 0.80301717 0.46994845124999995 0.8191697512499999 0.46682204 0.83074577625 0.4654325475 0.8380144300000001 0.46956320124999995 0.84050900625 0.47793816749999996 0.84259099625 0.4824540725 0.842052575 0.4883595225 0.83882206625
2 0.48036980625 0.94567661875 0.48558048374999996 0.95079160625 0.49183330750000004 0.9550989575 0.4984334775 0.9564450062500001 0.50711794 0.94809951 0.51753929375 0.936523485 0.52622375625 0.91310226125 0.5286554474999999 0.90260305875 0.52761330125 0.893449935 0.52274997125 0.8869888987500001 0.5171919475 0.8842968012500001 0.51476030875 0.883489175 0.5077814425 0.88322053125 0.50051777 0.8869888987500001 0.49113856125 0.902872275 0.48210669875 0.93383138875 0.48036980625 0.94567661875
2 0.2722900875 0.82910881625 0.27437438000000003 0.8344930100000001 0.28271144249999997 0.8444537699999999 0.29000641250000003 0.85064559125 0.295911835 0.8552221575 0.31953358375 0.8729899925 0.3275232725 0.87406683625 0.33169182999999997 0.87325920875 0.33690250749999995 0.86922106375 0.33933414624999997 0.8649137025 0.33898677374999997 0.85818346 0.32856541875 0.84283851625 0.30598581750000003 0.82399384375 0.29521708875 0.8178020125000001 0.2851431075 0.81403307875 0.2771691 0.8176398437500001 0.27402698000000003 0.81914806125 0.271942715 0.8215709475 0.27159534125 0.8253398925000001 0.2722900875 0.82910881625
2 0.39943063500000003 0.9564450062500001 0.40985199 0.9647905025 0.41784167875 0.9664057562499999 0.42652614125 0.96613655 0.431389445 0.963982865 0.42999992625 0.9489071262500001 0.41645215999999996 0.9171404062499999 0.40950459 0.90502597 0.4015149 0.89883412875 0.39699897 0.89560363125 0.387967135 0.8964112375000001 0.3827035625 0.8973456025000001 0.37893529875 0.90314148 0.3792826725 0.9157943575 0.3872723875 0.9367926900000001 0.39943063500000003 0.9564450062500001
2 0.07351435375 0.7962195212500001 0.069742055 0.81215226 0.06879898 0.82530773125 0.07162820375 0.834224215 0.07540050250000001 0.8441639075 0.07860695125 0.84591796625 0.08313371374999999 0.84577179625 0.08973523625 0.84533327625 0.09690259625 0.8424098437499999 0.10218382125 0.83495507375 0.10708780624999999 0.81799913625 0.10897395625 0.8001661637499999 0.10897395625 0.78642600625 0.10803088125 0.7804329575 0.105013045 0.7773633525 0.103126895 0.77560928375 0.10003036874999999 0.7751981275 0.0931302975 0.7763401425 0.08596293749999999 0.77853272375 0.07992725 0.78306405125 0.07351435375 0.7962195212500001
0 0.49181612625 0.60003165125 0.48504236 0.599762445 0.47635803250000003 0.59962784375 0.46037886 0.60137767875 0.44231545375000003 0.60406973375 0.42598892749999995 0.6073002025 0.41782565125 0.610396065 0.41799934125 0.61268431375 0.41956251625 0.6177992274999999 0.420257265 0.62493316375 0.42129938250000004 0.62802902625 0.42147306625 0.6296442600000001 0.4272047275 0.6309902875 0.43311007375000005 0.6313941 0.4412733375 0.6313941 0.44891554874999995 0.63072108625 0.45759987750000003 0.62897124625 0.465068405 0.6277598249999999 0.48017913125 0.62520238 0.4873002775 0.6230487275000001 0.50519 0.61483795625 0.5069268650000001 0.61362653375 0.50710054875 0.61268431375 0.50710054875 0.6116074925 0.5046901537499999 0.6091511162500001 0.5024110175 0.60487735375 0.50015308625 0.60258910625 0.49737410375 0.60124307875 0.49181612625 0.60003165125