2 0.16000147875 0.458450505 0.15353383625 0.4581499025 0.13574782125 0.46055475749999997 0.11731502625 0.4653644775 0.1085837075 0.4692723675 0.10276283250000001 0.47498389500000004 0.10243945500000001 0.48069545750000003 0.1030862225 0.4858057575 0.1047031325 0.48911243 0.11052400750000001 0.492419115 0.11569811625 0.49422277625 0.1266931125 0.49422277625 0.16032485625 0.49031486375 0.16905616250000002 0.48670759875 0.177140715 0.4834009025 0.1806979125 0.47949300125 0.18231482375 0.47648693000000003 0.18080184500000002 0.47174650125 0.182638225 0.467168115 0.1806979125 0.46476326125 0.17164322875 0.46055475749999997 0.16000147875 0.458450505
2 0.20850879375 0.38990594125 0.20721526 0.4031326575 0.20883216999999998 0.40944540250000006 0.21206599125 0.41395450875 0.2169167225 0.41786239875 0.22241420874999998 0.41816301250000004 0.23049876125000002 0.41004661875 0.2369664025 0.40223083875 0.24246391375 0.39321262625000003 0.25119522 0.36766102375000004 0.251841975 0.35713978124999995 0.25054846625 0.35052641125 0.24796139875 0.3466185325 0.24440420124999998 0.34241002375 0.24149375750000002 0.34060639125000003 0.2374034975 0.33768066750000003 0.2292052275 0.34120759624999997 0.21885701000000002 0.35323188 0.21400627875 0.36796162625 0.20850879375 0.38990594125
2 0.30746371 0.3996145275 0.31878208375 0.41193941375000004 0.33883176374999996 0.425767335 0.35338395749999996 0.4317794775 0.36243866625000004 0.4341843425 0.3701998175 0.4347855475 0.37440379375 0.4326813075 0.3756973525 0.42907402 0.3773142625 0.42456491375 0.3756973525 0.4176509525 0.3676128 0.40833212625000004 0.35079689125 0.39420359625 0.3310706125 0.3821793125 0.32104574874999997 0.37767020625000003 0.31651839375 0.37616717125 0.30936845625 0.37823839875 0.30617017625 0.38187870500000004 0.30487664375 0.38819145499999996 0.30487664375 0.39330177125 0.30746371 0.3996145275
2 0.18684217749999998 0.5405633550000001 0.16355867624999998 0.55318887875 0.15579750125 0.56040341875 0.15385721375 0.5646119225 0.15353383625 0.57423136375 0.15579750125 0.5790410725 0.15773778875 0.582347745 0.1651755875 0.58445198625 0.17584718124999998 0.5826483487499999 0.19460335374999999 0.5724277025 0.21918038750000002 0.5576979737500001 0.2253246525 0.55078400125 0.22629480875 0.54537307625 0.226618185 0.542367005 0.22689176249999998 0.53784058125 0.2246778975 0.5339499974999999 0.21821025625 0.5324469625 0.19880733 0.53425061125 0.18684217749999998 0.5405633550000001
2 0.395427545 0.536416325 0.4158006275 0.552949715 0.429382665 0.55866125375 0.43973088250000003 0.56076550625 0.44878559125 0.5592624712500001 0.45266616625 0.55505399 0.4542830775 0.54964304125 0.4513726575 0.54272908125 0.44005428375 0.5313060025 0.42194486750000004 0.5171774775 0.40706932 0.5093616875 0.39995492374999997 0.5057544 0.3957509475 0.505153195 0.39184515124999997 0.50742228375 0.38604948375 0.5093616875 0.38540272999999997 0.51537382875 0.38831314874999995 0.52409143875 0.395427545 0.536416325
2 0.5099221725 0.57158738 0.4960167325 0.5842128575000001 0.490195845 0.59202863625 0.48857893375000006 0.59924321125 0.48954909 0.60796082125 0.49084259875 0.6118687 0.49310626375 0.6130711325 0.50345453 0.6124699275 0.5225340549999999 0.6031511125 0.550344935 0.58240921875 0.55745933125 0.5748940300000001 0.5577826837500001 0.56978371875 0.55519566625 0.5673788525 0.5547770525 0.56337693125 0.5526086 0.5592624712500001 0.5422603825 0.55745882125 0.52350421 0.561667325 0.5099221725 0.57158738
2 0.57736562375 0.4393018325 0.5964451975 0.44862065875 0.61067399 0.45192733250000006 0.61843514 0.45222794625 0.6226391175 0.44982308000000004 0.62393267625 0.444412155 0.62587293875 0.43900123 0.62457943 0.43298908750000004 0.6087336775 0.41825933625 0.588360645 0.4041308125 0.57671887 0.39811867 0.57154473625 0.3969162375 0.5686343174999999 0.396615635 0.5612458137499999 0.39851726374999996 0.5582861 0.4023271625 0.5569925425000001 0.41074415875 0.562166675 0.42457209125 0.57736562375 0.4393018325
2 0.7685308525000001 0.50357881625 0.738132955 0.51379946125 0.7268145825000001 0.51951099 0.7222872275000001 0.52251706 0.7213170712500001 0.52702616625 0.7213170712500001 0.53033285125 0.7229339825 0.53424074125 0.7261678025 0.537547415 0.72940162375 0.54055348625 0.734899135 0.54446137625 0.7397498662499999 0.546265025 0.74945132875 0.5450625925 0.7785557175 0.53514258375 0.7908442225000001 0.529731635 0.800545685 0.5192103875 0.8047496624999999 0.51289763125 0.8047496624999999 0.51109399375 0.8047496624999999 0.509290355 0.80151584125 0.5050818512499999 0.7979586437499999 0.50207578125 0.7908442225000001 0.49997152874999995 0.78340644875 0.5002721425 0.7685308525000001 0.50357881625
2 0.56956046125 0.6789381975000001 0.57344103625 0.6813430512499999 0.578615145 0.6843491225 0.58572956625 0.68885822875 0.5912270512500001 0.69487037125 0.60577924625 0.70178433125 0.6151573312499999 0.7023855475 0.6245354175 0.70028129625 0.62938614875 0.69577219 0.63197319125 0.69396855125 0.63132643625 0.689459445 0.6290627475 0.68464973625 0.61968468625 0.67533091 0.60739615625 0.66541087875 0.59769469375 0.6584969112500001 0.58314249875 0.6536872025 0.57570470125 0.6533865950000001 0.57117737125 0.65488963 0.56650168125 0.65688503375 0.5627694175 0.6615029825000001 0.56341619625 0.66601208875 0.56567986125 0.6729260549999999 0.56956046125 0.6789381975000001
2 0.71055505 0.7417650837499999 0.71184858375 0.7504826825 0.71411224875 0.75889967875 0.7163759125 0.7631082050000001 0.71896298 0.7652124337499999 0.7264007775 0.76401000125 0.73157488625 0.763408785 0.73545546125 0.76220636375 0.74127635 0.7525869575 0.746773835 0.72523169375 0.74774399125 0.70178433125 0.745156925 0.69577219 0.74062957 0.69246551625 0.7377191512500001 0.69066187875 0.7344853299999999 0.69036126375 0.72983788 0.6910586775 0.721226645 0.69456976875 0.71411224875 0.7014837287500001 0.71152518125 0.71651408375 0.71055505 0.7417650837499999
2 0.8166243875000001 0.7444705412499999 0.81597763375 0.76040271375 0.8211517175 0.785653725 0.825355695 0.79527314375 0.83020642625 0.799181045 0.8357039125 0.8012852850000001 0.8399078887500001 0.8015858875 0.8421715537500001 0.8021871162499999 0.847022285 0.80188649 0.85090286125 0.7976780087500001 0.85251977125 0.79196647 0.85413668125 0.782647655 0.85446008375 0.768218505 0.8489625975 0.74507178 0.84475862125 0.73455053125 0.84023129125 0.7297408 0.8379675775 0.7270353312500001 0.8331168449999999 0.72673472875 0.82826611375 0.7261335124999999 0.8224452762500001 0.73094322125 0.8188880525000001 0.73815779625 0.8166243875000001 0.7444705412499999
2 0.57117737125 0.76100393 0.5504809 0.78174582375 0.5385157724999999 0.7946719387500001 0.53560532875 0.8045919587500001 0.5365754725 0.8106041 0.5401326825 0.8142113987499999 0.54271973625 0.8175180725 0.548217235 0.8166162425 0.5643863275 0.81150593125 0.58475940875 0.79587434875 0.595754405 0.7811446187500001 0.5983414475 0.77453125 0.59801807 0.768218505 0.5973713162500001 0.7652124337499999 0.59510762625 0.7607033275 0.590256895 0.75709606375 0.58702307375 0.75469118625 0.5821723424999999 0.75499178875 0.57117737125 0.76100393
2 0.31256137125 0.60718148875 0.32679018875 0.61830395375 0.34457620499999997 0.6300276287500001 0.35589460250000005 0.6342361274999999 0.3704467975 0.6357391625000001 0.37465072499999996 0.63513794625 0.3759442825 0.63123005625 0.377884545 0.62792338875 0.3782079475 0.6234142825 0.3775611925 0.6198069887500001 0.368506485 0.6101875600000001 0.34554636 0.59185052625 0.3319642975 0.5846359575000001 0.32323299125 0.5822311 0.3196757925 0.5822311 0.31543292 0.5832802625 0.30997433 0.5861389925 0.30900417375 0.5915499175 0.30868079625 0.5990650949999999 0.31256137125 0.60718148875
2 0.42574510625 0.6633950175 0.41216306750000004 0.6796277924999999 0.40569542625 0.6961611825 0.40569542625 0.70427757625 0.40634218 0.70848608 0.408605845 0.7108909575 0.41183966624999996 0.7120933675000001 0.41539688875 0.71299518625 0.4183073075 0.71329579 0.4244515975 0.71149215125 0.4445012775 0.6919526912499999 0.46519771249999997 0.6648980525 0.46810818 0.6600883325 0.468754935 0.6576834775 0.46907833625 0.65497802125 0.468754935 0.6522725524999999 0.46681462250000005 0.64956709 0.4622872925 0.64656101875 0.45711315999999996 0.64445677875 0.44935200875 0.6456591937499999 0.436416725 0.65046892 0.42574510625 0.6633950175
2 0.1592782525 0.63634037375 0.14116885999999998 0.6330337 0.123382845 0.6333343075 0.11303461499999999 0.634536735 0.10786050625 0.63664098125 0.104626685 0.6381440175 0.10106948750000001 0.6426531237499999 0.10106948750000001 0.6483646562500001 0.10624359625 0.65527862375 0.11238786125000001 0.6615913675 0.11659182625 0.6633950175 0.12176593375 0.66399623375 0.13049725375 0.6657998712500001 0.1553976775 0.66760351 0.16865633875 0.6679041237500001 0.1799747125 0.6657998712500001 0.189676175 0.66219258375 0.1893527975 0.6609901625000001 0.1880792 0.65500736125 0.18708913249999998 0.6498676925 0.18385531125 0.64505798375 0.17609413624999998 0.64084948 0.1592782525 0.63634037375
1 0.24400437749999998 0.7286267574999999 0.25532275 0.7394486312499999 0.271491855 0.7517735062500001 0.2818400725 0.7580862500000001 0.29121815875 0.76169352625 0.30285990875 0.76259535625 0.3064171075 0.75958928625 0.30900417375 0.755681385 0.30738726375 0.74816621875 0.30091962125 0.7346389000000001 0.27860625125 0.71570064375 0.26211376999999997 0.7093879 0.25661628375 0.70848608 0.25273568375 0.7093879 0.24853173125000003 0.7111915375 0.24335759750000002 0.71509943875 0.24109393375 0.71780489625 0.24109393375 0.7223140024999999 0.24400437749999998 0.7286267574999999
2 0.41604364250000003 0.77612267625 0.399551185 0.7929566687499999 0.39534720874999996 0.800471845 0.3914666325 0.80858825125 0.39081983000000003 0.8133979600000001 0.39405365000000003 0.81941010125 0.39631736500000003 0.8230173775 0.399551185 0.82602344875 0.40310835875 0.82752648375 0.408605845 0.82662467625 0.41604364250000003 0.8233179800000001 0.43479981500000003 0.8058827825 0.44805849999999997 0.789649995 0.45290923125 0.7827360225 0.45387933875 0.77852754125 0.45420274 0.77612267625 0.45258583 0.7734172075 0.4496596975 0.7706720025 0.44547143375 0.7692087037500001 0.43674012625 0.76890810125 0.42154112875000005 0.7734172075 0.41604364250000003 0.77612267625
2 0.20834807125000002 0.893778975 0.19638294250000002 0.90219594875 0.19185558875000003 0.90550263375 0.18959189875 0.9097111262500001 0.18765161125 0.9193305775 0.18829839125 0.92474148 0.190562055 0.92774755125 0.19411925375 0.9316554524999999 0.19799985374999998 0.931956055 0.216756 0.92594391375 0.24262656875000002 0.9133184362500001 0.2587956725 0.8988892749999999 0.25944245250000003 0.894079555 0.25814891875 0.8913740975000001 0.25519258875 0.88783878125 0.24359672375 0.8826564874999999 0.2371290825 0.8826564874999999 0.224517175 0.8865643775 0.20834807125000002 0.893778975
2 0.66487054875 0.91248972 0.65904966125 0.92601703875 0.65840290625 0.93744010625 0.66131335 0.94435407875 0.6671342137499999 0.946758945 0.673601855 0.947961355 0.6800694975 0.94495528375 0.6862137625 0.940145575 0.704323155 0.9157964049999999 0.71467139625 0.897459365 0.715964905 0.89234905375 0.715964905 0.8884411525 0.71370124 0.88723873125 0.7104315987500001 0.8833323675 0.70691022125 0.87942294 0.6991490462500001 0.88032477 0.6839500975 0.88904237 0.66487054875 0.91248972
1 0.5341813049999999 0.89732972875 0.529404635 0.9330985975 0.53046610375 0.9486395400000001 0.5341813049999999 0.95184641 0.5402848525 0.95258646375 0.544796155 0.95628669 0.54904209125 0.9555466375 0.56124916375 0.94197913875 0.5623106725 0.93827891125 0.56443365125 0.93161851125 0.56947568875 0.9030034175 0.56921030125 0.89042264 0.56735271 0.8867224137499999 0.5652297325 0.8840089175 0.56257602 0.8815421000000001 0.5561152275 0.87753964 0.55143043625 0.8768551425 0.5479806225 0.8768551425 0.5416117087500001 0.88277550875 0.5341813049999999 0.89732972875