2 0.32272811875 0.46098562875 0.33914805375 0.47201533124999995 0.34684489625 0.4764272175 0.35223268249999995 0.47674234749999994 0.35710735374999997 0.47548180500000004 0.35992952500000003 0.475166675 0.3612123325 0.47296072 0.3617254675 0.4691791175 0.3617254675 0.46508236125 0.35864671875 0.4565737425 0.3542851825 0.44806512499999995 0.34350959000000003 0.43735055125 0.32862903875 0.42663597875000003 0.32195844625 0.42411489375 0.3173403325 0.42316950499999995 0.31220910375 0.42474517624999997 0.3051042825 0.42998036 0.30271633875 0.43262353625000005 0.30348601124999997 0.43798081000000005 0.3093869325 0.44901051375 0.32272811875 0.46098562875
2 0.40200560375 0.440186765 0.40457121749999997 0.45058618500000003 0.4086761975 0.45531320125 0.41278117625 0.457834285 0.4166295975 0.45814941500000006 0.4220174025 0.45405265875 0.426892055 0.4464894525 0.42740518875 0.44239269625 0.42612238249999995 0.41844248875 0.4245830175 0.40142522875 0.4230436325 0.39449229375 0.41945178875000005 0.38787445374999996 0.41739929 0.38314743749999997 0.41432056 0.37999609375 0.41226806125000004 0.37810528125 0.407906525 0.38188692 0.40354496875 0.38346259125000004 0.39969654749999994 0.39323172749999996 0.39995310500000003 0.415606275 0.40200560375 0.440186765
2 0.39328251125 0.31602380875 0.40688027499999996 0.33493186999999996 0.41252461875 0.33682268375 0.41637304 0.33493186999999996 0.42176082625 0.3264232525 0.4230436325 0.320120565 0.4220174025 0.30940599125 0.417912405 0.30026709625 0.40893275500000004 0.28104389874999997 0.40457121749999997 0.27663201875 0.398926875 0.2719050025 0.39379564625 0.26906879499999997 0.39174314625 0.2674931225 0.38840784 0.2674931225 0.38561435125000004 0.272113555 0.38353318875 0.2753714825 0.38250693875 0.2797833625 0.38353318875 0.29049793 0.39328251125 0.31602380875
2 0.44972602500000003 0.27505634625 0.4494694875 0.28356497125 0.451778525 0.29396440875 0.45408756250000004 0.3015276325 0.45921879 0.304994105 0.46383690375000003 0.30467897625 0.46742878750000005 0.30310330375 0.4715337475 0.29900655375 0.47461247624999997 0.2895525225 0.477691245 0.2671779875 0.477691245 0.24291263875 0.47589528375 0.23660995125 0.47461247624999997 0.2334586075 0.47256001625000005 0.23093753875 0.469737825 0.22936186625000002 0.46580366125 0.22841476375 0.4599884825 0.23156780000000002 0.452804755 0.245118585 0.45126541000000003 0.25677855 0.44972602500000003 0.27505634625
2 0.452804755 0.42411489375 0.45075229499999997 0.43577488000000003 0.4515219475 0.44491378125 0.45460071625 0.4521618575 0.45921879 0.4543678125 0.46358036625 0.4521618575 0.47281655375 0.443022955 0.47923059 0.43199325250000004 0.48821024 0.40741278625 0.49103243125 0.39260146874999996 0.4900061625 0.38787445374999996 0.48718401 0.38314743749999997 0.48461839500000004 0.37999609375 0.48055849500000003 0.37801423 0.47717809 0.37810528125 0.4715337475 0.38125662499999996 0.46281067375 0.39701334250000003 0.452804755 0.42411489375
2 0.53721348875 0.41182467250000004 0.540548795 0.42379976375 0.54644967625 0.4341992075 0.5523505974999999 0.43829594 0.5592777474999999 0.43829594 0.56312616875 0.43703542125 0.566461475 0.4345143375 0.56800086 0.42632084875 0.56800086 0.41812736 0.56415243875 0.4048917025 0.5577384025 0.38629878125 0.55440309625 0.37747501 0.5510677900000001 0.37274799375 0.5487587525 0.3711723225 0.5447099437499999 0.37289635250000003 0.539522525 0.37652960874999997 0.53516098875 0.38283229625 0.5338781825000001 0.39291662250000003 0.53721348875 0.41182467250000004
2 0.62500052375 0.39054229749999997 0.60806747375 0.40314767250000005 0.6011403025 0.41134113749999995 0.59754843875 0.418274095 0.59806157375 0.4245767825 0.60037063 0.42867353874999997 0.602936245 0.4324551425 0.6103765099999999 0.433085425 0.62371771625 0.42961892749999997 0.6337236162500001 0.42363139375000003 0.64270326625 0.41795896624999995 0.65219603125 0.40566872125000003 0.6545050875 0.40157200000000004 0.655787895 0.39810550375 0.65630101 0.3933784875 0.6560444525 0.39022714375 0.6544089200000001 0.38510052 0.65116978125 0.38108824249999995 0.6465516875 0.37982770000000005 0.637828595 0.38171851375000004 0.62500052375 0.39054229749999997
2 0.6506566662500001 0.35083534875 0.6639978525 0.35839856625000005 0.68118748 0.3637558525 0.6909368025 0.36438612374999996 0.6983771075 0.3628104525 0.7019689525 0.3587137075 0.70376487375 0.35461695125 0.7029951825 0.3502050775 0.699659915 0.34390239 0.69375899375 0.3379148325 0.6827268449999999 0.32940620125000003 0.66066256625 0.32184297875 0.6555313375 0.3205824425 0.65270914625 0.32026730625 0.648860725 0.31995217625 0.6438239312499999 0.3244733675 0.64142045875 0.32909107249999997 0.6429598237499999 0.3379148325 0.6455254375 0.34453266125 0.6506566662500001 0.35083534875
2 0.73147351625 0.3848698575 0.73275632375 0.40062657625 0.7358350525 0.40945036 0.7384006675000001 0.414177375 0.74096628125 0.41512275125000003 0.7450712799999999 0.41228655000000003 0.7527681225 0.4034627775 0.7553337375 0.39526931374999996 0.7571296587499999 0.3848698575 0.75507716 0.365961795 0.7522550075 0.3549320925 0.75071562375 0.349889935 0.75045904625 0.34358724875 0.74943281625 0.340435905 0.7442209475 0.339433315 0.73865724375 0.34201157625 0.7353219375000001 0.35052020624999997 0.7324997462499999 0.36659206625 0.73147351625 0.3848698575
2 0.7725233450000001 0.45514483125 0.76636588625 0.46554425 0.7630305799999999 0.4743680225 0.7630305799999999 0.478149625 0.7638002724999999 0.48161609875000005 0.76970115375 0.485082595 0.77560207375 0.485712855 0.7799636099999999 0.48413718250000004 0.78458172375 0.48098583875 0.79125233625 0.47531341125 0.80228448625 0.46144751749999996 0.8071591375 0.45136320374999994 0.8110075587500001 0.44474538750000003 0.81254694375 0.44127891374999995 0.81382975 0.43749728750000005 0.8145994037500001 0.43529135625000004 0.8131837550000001 0.430767725 0.80998132875 0.42741299750000006 0.8033107162500001 0.42930379875 0.7886867225 0.4393881125 0.7725233450000001 0.45514483125
2 0.6576271850000001 0.48932749875 0.6632715275 0.5101263625 0.67071179375 0.52556795125 0.6799480212500001 0.5356522524999999 0.6835398650000001 0.53880359625 0.69046701625 0.53313118 0.6922629775 0.52462255 0.6925195150000001 0.51611392 0.68790140125 0.49878153 0.68200052 0.477352395 0.67789552125 0.46852864125000004 0.6740470999999999 0.464431885 0.67096837125 0.46222595375 0.66595618125 0.4626560325 0.66147560625 0.46663782249999997 0.658653415 0.47357078 0.656600915 0.48176426874999995 0.6576271850000001 0.48932749875
2 0.64608192 0.5737835062500001 0.6458253437499999 0.589540225 0.64813438 0.60372127125 0.6509565712500001 0.6128601725 0.65326560875 0.61601151625 0.6583968375000001 0.6156963875 0.66301495125 0.6125450425 0.66609368 0.606872615 0.66891587125 0.5961580412499999 0.67302087 0.5737835062500001 0.6748167925 0.55865708375 0.6743036775 0.55046357125 0.67302087 0.5444760375 0.67122490875 0.54195494 0.6691724487499999 0.53974902125 0.6640316375 0.53903049625 0.6555746849999999 0.5435306125 0.65249595625 0.5482576275000001 0.64916065 0.554875445 0.64608192 0.5737835062500001
2 0.58296779375 0.529664695 0.5934868275 0.54006412625 0.59964428625 0.54163979875 0.603749285 0.5406943975 0.60528863 0.5372279249999999 0.6070845525 0.5321857675 0.60913705125 0.528404165 0.60734112875 0.51895013375 0.6024664775 0.50634475875 0.58938182875 0.48901236875000004 0.583737485 0.48270968125 0.5760406425 0.47861292499999997 0.5698831637499999 0.47798266624999997 0.56491765 0.48076544125 0.56141663 0.48460048375 0.56090351375 0.4902729 0.5650084937500001 0.502563145 0.58296779375 0.529664695
2 0.53832610125 0.6128601725 0.5416614074999999 0.62861689125 0.54704919375 0.639331465 0.55448947875 0.64468873875 0.5593641300000001 0.6453190225000001 0.56218632125 0.64342819625 0.56552160875 0.63964659375 0.566804415 0.6320833650000001 0.5665478575 0.6207385325 0.56372568625 0.59237643875 0.5591075725 0.57882565125 0.5560288437500001 0.5744137899999999 0.55371978625 0.5728381175 0.54759675875 0.57406826625 0.54474013625 0.5744137899999999 0.5414048300000001 0.5778802625 0.53755640875 0.59111589625 0.53832610125 0.6128601725
2 0.49240160125000004 0.5964731950000001 0.48906631500000003 0.6100239587499999 0.4882966225 0.61727205875 0.49214504374999996 0.6229444625 0.49727627249999995 0.62672609 0.51343965 0.6153812575 0.522932415 0.5999396687499999 0.52703739375 0.589855355 0.52960300875 0.5832375375000001 0.530885815 0.57661972 0.53139895 0.5734683775 0.5306292575 0.5693716325 0.52934645125 0.564329475 0.5245022375 0.55832095375 0.5211364925 0.55613598625 0.5144658799999999 0.5577116587500001 0.5047165575 0.56842622 0.49240160125000004 0.5964731950000001
2 0.472133245 0.51926526375 0.46264048 0.5343917112500001 0.46161423 0.54006412625 0.4613576725 0.5447911425 0.46161423 0.54762738 0.46392328624999996 0.55077872375 0.46597578624999997 0.5532997725 0.47059387999999996 0.5539300675 0.47572510875 0.5532997725 0.485987565 0.546997085 0.5036903075 0.528404165 0.5119002662500001 0.5142231187499999 0.512926515 0.5050842175 0.51087403625 0.49972693 0.5075021025 0.4949380225 0.50112469375 0.4934242425 0.49471065875000003 0.49626045750000003 0.485987565 0.503508545 0.472133245 0.51926526375
2 0.37720552625000003 0.5435306125 0.372330855 0.55928733 0.37207429750000004 0.56527487625 0.37592271875 0.5728381175 0.381310505 0.57977106375 0.38721141625 0.58103160625 0.3915729625 0.57661972 0.40465759125 0.55077872375 0.41107163625 0.53313118 0.41209788625 0.51895013375 0.41107163625 0.5148533775 0.40876258 0.51264744625 0.40518054249999996 0.510685335 0.4000394875 0.512017175 0.38977702999999997 0.5186349925 0.38644173375 0.5233620075000001 0.37720552625000003 0.5435306125
2 0.22759959375000002 0.486176155 0.22400773875 0.49090317 0.22323805624999998 0.4934242425 0.22272493125 0.49909665875000003 0.22529054625 0.50413881625 0.23093489 0.50792043125 0.2365792525 0.51044150375 0.24401953875000001 0.5088658325000001 0.25582136 0.5022480025 0.27070191125 0.48806695625 0.27480691 0.48113401000000006 0.27788563875 0.47104970749999997 0.27814219625 0.4672680925 0.27788563875 0.46474701375000005 0.2750634675 0.4628562125 0.27302855875 0.460293935 0.27044535375 0.4578140625 0.26069603125 0.45970487 0.24145392375 0.47231023875 0.22759959375000002 0.486176155
2 0.26890598875 0.5236771487499999 0.26864943125 0.53880359625 0.27172816125 0.55897218875 0.273267525 0.564329475 0.27583314000000003 0.57126244625 0.28173406 0.57598946125 0.28763498125000003 0.57977106375 0.29276620999999997 0.5778802625 0.29558838125000003 0.5715775750000001 0.29738430375 0.5618084274999999 0.29738430375 0.546997085 0.29481868875 0.529349565 0.29071371 0.5129625762500001 0.28891778875 0.5094961025 0.28660873124999997 0.50634475875 0.281689005 0.5012369475 0.27916844625 0.50004207125 0.2735241025 0.502563145 0.26941910375 0.51516851875 0.26890598875 0.5236771487499999
2 0.20502219 0.5602327549999999 0.19552941499999998 0.572207835 0.19245068499999998 0.5807164775 0.19142443625 0.58638888125 0.19347692500000002 0.589225095 0.19655566375 0.59269156875 0.19912127875 0.5958429125 0.20656156374999998 0.5955277825 0.2191330675 0.5870191637500001 0.2306783325 0.5756743075 0.24042767375000001 0.56275380375 0.24401953875000001 0.55645111625 0.24478921125 0.5529846425 0.24478921125 0.54888789875 0.24350640375000002 0.5463668137500001 0.23902829125 0.54375469 0.23427019625 0.54163979875 0.2301652175 0.54037926875 0.2206724425 0.54542141375 0.20502219 0.5602327549999999
2 0.28866121125 0.6422194125 0.27378066 0.64347994875 0.25966978125 0.6460010275000001 0.25274261124999997 0.6485221 0.246328575 0.6557701874999999 0.24324984624999998 0.6627031462499999 0.24581545999999999 0.669636105 0.25248605375 0.6740479899999999 0.26916254625 0.6759387925 0.283273425 0.67436312 0.29712774625 0.6712117762500001 0.30482458875 0.6655393599999999 0.30610739625 0.66144261625 0.3051042825 0.6563479725000001 0.30533770375 0.65167344375 0.3020024175 0.6482069699999999 0.29635805375 0.64411023125 0.28866121125 0.6422194125
2 0.33561196000000004 0.6037730225 0.32252733125 0.60282761625 0.3109820675 0.60881517375 0.30764676 0.61669353375 0.31175174 0.62677784125 0.32355358125 0.63686213125 0.3384341325 0.63843780375 0.3528015675 0.63717726125 0.35947218124999997 0.63497132375 0.36614277375 0.63087457375 0.37024775249999997 0.6264626937500001 0.3723002525 0.6245718925 0.37053876 0.61894810625 0.37050431125000005 0.61417246625 0.36665588875 0.60913030375 0.35357126 0.60503356 0.33561196000000004 0.6037730225
2 0.34818347375 0.65513992875 0.33484226874999995 0.66112747375 0.32765856 0.6667998900000001 0.3248363875 0.6718420475000001 0.32406669625 0.6759387925 0.32406669625 0.6803506775 0.32406669625 0.68633822375 0.3253495025 0.6904349675 0.32868481000000005 0.69232578125 0.33330290375 0.6932711825 0.34099974625 0.6926409112499999 0.3517753375 0.68885929625 0.37486586625 0.6765690625 0.3797405175 0.6702663762500001 0.3807667675 0.66585449 0.38080299250000005 0.659497435 0.3797405175 0.6545096574999999 0.37050431125000005 0.6510431725 0.36126810249999997 0.6504129125 0.34818347375 0.65513992875
2 0.30764676 0.8111314274999999 0.3363816525 0.7985260525 0.34253911125000003 0.79159310625 0.3443350525 0.7868660912500001 0.34459161 0.78150881625 0.34382191749999996 0.77678180125 0.34228255375000005 0.7717396325 0.33997349625 0.7679580287500001 0.33304634624999996 0.7657520987499999 0.31380423875 0.772685045 0.28737840375 0.78560554875 0.281220945 0.79190823625 0.281220945 0.7950595800000001 0.2807267325 0.8008295612499999 0.28173406 0.8048287399999999 0.29071371 0.8098709100000001 0.29866711 0.8133373825 0.30764676 0.8111314274999999
2 0.38461518875 0.721948405 0.3833323825 0.73518405 0.38281926749999995 0.75850399875 0.38461518875 0.76921857125 0.38666768875 0.77678180125 0.38948985999999997 0.78150881625 0.39282516624999997 0.7837147475 0.39667356875000004 0.7830844887499999 0.4002654525 0.7811936625 0.40334418125 0.7783574725 0.4061663725 0.7698488312499999 0.41001479375000005 0.7490499675 0.4097582175 0.7191122025 0.4082188325 0.71091870125 0.40411387374999996 0.7052462850000001 0.40103514375000004 0.7036706137500001 0.3982129525 0.704300885 0.3876939375 0.71249437375 0.38461518875 0.721948405
2 0.46979357499999996 0.70051927 0.46286642499999997 0.712809515 0.4610705025 0.72068787375 0.460813925 0.72793598625 0.4605573875 0.7336083787500001 0.46132708 0.73802026375 0.46491892375 0.7414867375 0.467741115 0.74274728 0.471846075 0.74306241 0.47543795875 0.7408564662499999 0.48595695375 0.72541489 0.49827191 0.7036706137500001 0.5026334462500001 0.69201064 0.503659715 0.68633822375 0.50417283 0.68224147875 0.5039162537499999 0.6794052650000001 0.50237690875 0.6762539212500001 0.5000678325 0.6734177187500001 0.49435105625 0.669339505 0.4874963375 0.6705815049999999 0.47851668750000004 0.6800355362499999 0.47338545875 0.6894895674999999 0.46979357499999996 0.70051927
2 0.60736597375 0.68890869 0.610188145 0.70529568 0.61506281625 0.7163253825 0.61865468 0.72073725625 0.6235293325 0.71979185625 0.631226175 0.71411944 0.63456148125 0.7049805375 0.63610084625 0.693005435 0.6350745962500001 0.6734671075 0.632252425 0.6605465975 0.6296868099999999 0.6523531025 0.6273777537499999 0.6479412225 0.62583838875 0.64447474375 0.62429902375 0.6413234 0.62201243875 0.63941961125 0.6158324887500001 0.6413234 0.6104447025 0.6473109512499999 0.6068528387500001 0.6605465975 0.60736597375 0.68890869
2 0.5355287637499999 0.8007814025000001 0.52783192125 0.8162229675 0.52757536375 0.8234710675 0.5311672275 0.829773755 0.53629845625 0.83166455625 0.54733059625 0.8278829525 0.5547708812500001 0.821895395 0.56221116625 0.814647295 0.57093423875 0.8026722037499999 0.576322045 0.7935333025 0.57786141 0.7881760400000001 0.57683516 0.78029768 0.5752957949999999 0.7736798400000001 0.5732573375 0.7701223025 0.5696514324999999 0.7673771524999999 0.56195458875 0.7692679775000001 0.54989621 0.7796673850000001 0.5355287637499999 0.8007814025000001
2 0.74873133625 0.70718648125 0.7482181825 0.72956102875 0.7495009887499999 0.7500447625 0.75155348875 0.7541415062500001 0.7566847175 0.75729285 0.76027660125 0.758238275 0.7636118675 0.7566626025 0.76822998125 0.75193556375 0.7741309024999999 0.736178845 0.77746620875 0.7075016225 0.775926825 0.6936357062499999 0.773874325 0.68733301875 0.77233498 0.68449681 0.7705390575 0.6829211387499999 0.7653909262499999 0.6791815750000001 0.7613028312500001 0.67945465875 0.7577109862499999 0.6807152075 0.753862565 0.68575734625 0.74873133625 0.70718648125
0 0.5882802625 0.31943714375 0.58974981875 0.31838418625 0.58999475 0.31296901 0.59023967375 0.30665130125 0.5873005525 0.2949184175 0.5795853725 0.27581487125 0.5724825 0.26332987875 0.5684412175 0.2579147 0.56537963625 0.2571625925 0.56439992625 0.2598701825 0.5615832675 0.26062229125 0.56317529375 0.26257777125 0.56146080625 0.26287861500000004 0.5576644475 0.26167524375 0.55594996 0.26302903499999997 0.5533782325 0.26543578375 0.55203113875 0.26543578375 0.5521536 0.26694 0.5521536 0.2697980075 0.5533782325 0.27521318875 0.557541985 0.28950324125000004 0.56293037125 0.30604961875000003 0.5672165849999999 0.31236732125 0.5728498937500001 0.319286725 0.578850595 0.32440105 0.58154478375 0.32455148125 0.5825244937499999 0.32334810375000006 0.5833817324999999 0.3218438875 0.585586075 0.32003883250000004 0.5868107075000001 0.31913629374999997 0.5882802625 0.31943714375
0 0.40981220125 0.6258410649999999 0.40940044 0.6334276575 0.41063573750000004 0.63823248375 0.42360639 0.6501181375 0.4289593525 0.64935948 0.43225348124999996 0.6468306149999999 0.4365770275 0.6334276575 0.44131234874999997 0.601563955 0.44069469375 0.5876552025 0.43945939625 0.58285035625 0.43719468375 0.5788041775 0.434518195 0.57501088125 0.4296497475 0.57295122125 0.4271064 0.57197623875 0.420106365 0.58108015 0.41372398625 0.600552405 0.40981220125 0.6258410649999999
1 0.7020137025 0.72877983375 0.69937763875 0.73175868125 0.69653069375 0.7329243162500001 0.6932619699999999 0.7340899562500001 0.69146945 0.7384934624999999 0.69189122125 0.7395295812499999 0.6937891825 0.7408247325 0.694527285 0.74199037 0.6938946312500001 0.74419212625 0.6912585674999999 0.74768903375 0.6850374574999999 0.7510564225 0.6780782525 0.7593453875 0.67354422 0.7698361137499999 0.676602055 0.78291712625 0.6791326775000001 0.78693209 0.68240139375 0.7880977275 0.6882007324999999 0.7861550024999999 0.6938946312500001 0.7799382762499999 0.6979014425 0.773721565 0.7012756087500001 0.76905901625 0.70517697875 0.7660801662500001 0.7089729075 0.76517356375 0.71087087625 0.76374889625 0.71624844375 0.75610751125 0.7195171612500001 0.7495022412500001 0.7199389325 0.7399181312499999 0.7198334912500001 0.7373278325 0.71877906625 0.7355146175 0.71624844375 0.7330538325 0.71266339625 0.7314996562499999 0.710449105 0.72994547125 0.7090783487500001 0.72877983375 0.70517697875 0.72826178 0.7020137025 0.72877983375