2 0.2948648425 0.12553546375 0.29387976250000003 0.12996511625 0.29584987125 0.13528070125 0.29979018875 0.13971035375 0.30438716 0.14059629375 0.30931250625 0.13971035375 0.31489455625 0.1370525575 0.32047660624999996 0.13321354 0.32605870625 0.12612608625 0.32999897375000004 0.1095887175 0.3303273 0.09748100000000001 0.329013895 0.09068887 0.32770048875 0.084487355 0.32573033 0.08153425375 0.32277514125 0.0812389425 0.32014828 0.08271549375 0.31412726625000004 0.08160451 0.3073423475 0.08921231875 0.301103595 0.10309189249999999 0.29584987125 0.11933395499999999 0.2948648425 0.12553546375
2 0.3194915775 0.25104227375 0.3191632 0.25665317125000003 0.32014828 0.2607875175 0.32408854750000005 0.2619687625 0.3263870325 0.26433123 0.329013895 0.26610308625 0.33393924124999996 0.26551247499999997 0.34149145 0.26019688375 0.35068544125 0.25281413 0.35758089750000005 0.24188766375 0.36184954124999996 0.23096120875 0.36283462125 0.22505500625 0.36184954124999996 0.21973940375 0.35889435375 0.21590037375 0.35528241250000003 0.21176604999999998 0.35331225375 0.20999417125 0.351342145 0.20910823125 0.34740187749999996 0.20910823125 0.34368445875 0.2118323225 0.33755118250000005 0.21796753625 0.33098405375 0.22741746249999997 0.323431845 0.24070641874999998 0.3194915775 0.25104227375
2 0.165820715 0.28323108375 0.16450730875000003 0.28913728625 0.16450730875000003 0.29386224375000003 0.16516401125000002 0.29888253 0.1654923625 0.30183563125 0.1664774425 0.30419809875 0.17008935874999997 0.30774183374999997 0.1720594925 0.308332445 0.175014705 0.308332445 0.17862662125 0.3071512 0.19438774250000002 0.29120444875 0.20620857 0.27437177875 0.21113391750000002 0.26610308625 0.21146226875 0.26019688375 0.21080556625 0.2572437825 0.20916378375 0.254881315 0.20752200125 0.25370007 0.2016457275 0.2524132275 0.19405939125 0.25310945875 0.1845370475 0.2584250275 0.17468635375000002 0.2690561875 0.165820715 0.28323108375
2 0.51524878375 0.09379799750000001 0.52115921 0.11712749750000001 0.5296964737500001 0.133369555 0.5352785237500001 0.1363226625 0.54118895 0.13543673374999998 0.54709937625 0.13484610625000001 0.55038294125 0.1313023875 0.5510396437499999 0.1156509525 0.54611429625 0.09350268625 0.5418456524999999 0.08139497750000001 0.5372486825 0.0763747 0.5323233350000001 0.07430753 0.5273979875 0.07283097875 0.52266968 0.07311941250000001 0.5195174275 0.07401222375 0.5162338625 0.07726063124999999 0.51426372875 0.08198559124999999 0.51524878375 0.09379799750000001
2 0.86825186125 0.4647168125 0.868908565 0.48597914000000003 0.8764607737500001 0.5081274 0.8797443375 0.5110805012499999 0.8820428237500001 0.51196643 0.884669685 0.51167112375 0.88992340875 0.5098992675 0.89287859625 0.5078320949999999 0.8961621612499999 0.503993065 0.8991174 0.49218066 0.89846064625 0.47800576874999995 0.894848755 0.45851529874999997 0.8932069737499999 0.45408564749999997 0.89156519125 0.45142785625000004 0.8880294212500001 0.4475704875 0.88434135875 0.44758882125 0.8741622875 0.45349502375 0.8702220199999999 0.45733406000000004 0.86825186125 0.4647168125
2 0.8098044 0.61532499 0.8147297475 0.62300305 0.8272073025000001 0.635701395 0.8475653937500001 0.6504669024999999 0.85347582 0.6516481237499999 0.8561026825 0.6516481237499999 0.85905787 0.6489903512499999 0.863326515 0.6463325550000001 0.8652966737500001 0.64456069875 0.86266981125 0.6354060662500001 0.8574160875 0.62684209 0.8475653937500001 0.61562029625 0.8370579975 0.6067609925 0.83016254125 0.60321727875 0.8258938975 0.60174072875 0.8216252525000001 0.6011500949999999 0.8170100562499999 0.60251576 0.8137447175 0.60410319625 0.8104611525 0.6067609925 0.8094760737500001 0.6106000325000001 0.8098044 0.61532499
2 0.50902989125 0.49159003749999997 0.5152686575 0.509308645 0.52282086625 0.51993980625 0.52905964375 0.52259760125 0.53825361 0.522302285 0.54055212 0.52171167375 0.54317895625 0.51728202125 0.5454774675 0.5084227175 0.5392386887499999 0.48863692999999997 0.53201483125 0.47357611749999995 0.5277462125 0.46855585375 0.5254477025 0.46619336375000003 0.5234775687500001 0.46501212375 0.518564515 0.46564743625 0.51395523875 0.466488675 0.511000025 0.47121363250000003 0.5087015275 0.48125417625 0.50902989125 0.49159003749999997
2 0.4640450525 0.594357975 0.45780627500000004 0.5987876275 0.45583614125 0.60174072875 0.45452271000000005 0.60469383 0.4607614875 0.611781255 0.47882109375 0.6185733975000001 0.50279111375 0.62477490625 0.513626875 0.6250702112500001 0.51855222125 0.62211711 0.5205223675 0.61768745875 0.5244626474999999 0.615029685 0.51953728875 0.610304705 0.5119850925 0.60292195125 0.50902989125 0.60085478875 0.504196435 0.5980887525 0.4926120675 0.59347203625 0.47980616125 0.59022362875 0.4719256 0.5908142399999999 0.4640450525 0.594357975
2 0.22255019 0.47859638625 0.23043075125 0.48745569000000005 0.23469939499999998 0.4904087925 0.23995309375 0.49159003749999997 0.24455008875 0.49159003749999997 0.24914705874999998 0.48509321125 0.25144557 0.47977762625 0.24980378749999999 0.470032405 0.24126652375 0.45526689750000005 0.23469939499999998 0.44670289375000005 0.22255019 0.44050137874999995 0.21795319500000002 0.43754827749999997 0.21532635875 0.43636703625 0.21335622375 0.43695765875 0.21108760875000002 0.44019214125 0.206789095 0.44138731 0.205804015 0.44729351 0.20777415000000002 0.45792467625 0.22255019 0.47859638625
2 0.18708770624999999 0.6173921525 0.19201305375 0.61916400875 0.198908535 0.61827809125 0.2018637475 0.61709684625 0.20383388125 0.61325780625 0.2051473125 0.6067609925 0.20481893625000003 0.60055948375 0.19693840125 0.5908142399999999 0.18117728 0.57486749875 0.1693564525 0.57043784625 0.1614758925 0.56718942875 0.15786397624999998 0.567484745 0.15556546625 0.5701425299999999 0.15238374 0.57521587875 0.15228190125 0.58106903 0.16180424375000002 0.594357975 0.17986385 0.61237188875 0.18708770624999999 0.6173921525
2 0.11632985874999999 0.7568958012500001 0.10713588 0.7577817412500001 0.09071805625 0.76043952 0.08152406499999999 0.76398324375 0.075942015 0.76929882375 0.07233008625 0.7752050262500001 0.07167337125 0.78081591875 0.07167337125 0.7840643312500001 0.07824049999999999 0.787312755 0.08677777625 0.78937991125 0.11468807625 0.78465495375 0.13143425125 0.7766815775000001 0.134389465 0.77461441 0.13635959875 0.7728425475 0.13473152875 0.7677907175 0.1350461675 0.76457386625 0.13373276125 0.7622113924999999 0.12847905 0.7592582912500001 0.11632985874999999 0.7568958012500001
2 0.35832859125 0.93083348375 0.3573435125 0.93526313625 0.358000215 0.9405787050000001 0.36095545375 0.94323650125 0.36325393875 0.94441774625 0.36785090875000004 0.94441774625 0.3740897125 0.9435318062499999 0.37901505874999997 0.94116933875 0.38722397125 0.9355584425000001 0.39411942625 0.92463195375 0.39970147625 0.9137054875 0.40462682375 0.89893998 0.40364179375 0.8953962675 0.39869367875 0.893222605 0.39280602125 0.8942150225000001 0.3796717625 0.9048461824999999 0.36391064125 0.9231554024999999 0.35832859125 0.93083348375
2 0.52073307875 0.9237460362500001 0.5282852874999999 0.92492728125 0.53353896125 0.92226948625 0.537807605 0.91695389375 0.53912106125 0.9125242425000001 0.5348524175 0.9010071424999999 0.52303156375 0.8803354437500001 0.51186743875 0.86409338625 0.50628538875 0.86173089625 0.5007033387500001 0.8620262125000001 0.4957779925 0.86438871375 0.4943440375 0.8670294749999999 0.49446456125 0.8841744724999999 0.50168839375 0.9048461824999999 0.51318087 0.9190210787499999 0.52073307875 0.9237460362500001
2 0.62468899375 0.91075238625 0.62140542875 0.9252225875000001 0.62042035 0.9331959525000001 0.62304721125 0.9414646449999999 0.62731583 0.9461896025000001 0.63191282625 0.9473708474999999 0.6345396875 0.9470755425 0.63749487625 0.9458942975 0.64045008875 0.9435318062499999 0.64373365375 0.93880684875 0.6496440800000001 0.92463195375 0.65259929375 0.909275835 0.6512858625 0.89982592 0.6509575112500001 0.897758735 0.6496440800000001 0.8953962675 0.64865900125 0.89391971625 0.6473455699999999 0.8930337774999999 0.646032165 0.89155722625 0.64048793375 0.8928536875 0.6351963912499999 0.8936243887499999 0.63191282625 0.8959868787499999 0.62830091 0.90041653125 0.62468899375 0.91075238625
2 0.46149941 0.37414210875000004 0.46833814875 0.390721635 0.47844755749999995 0.40569668625 0.4900436925 0.41425388375 0.493909025 0.41398645500000003 0.4977744025 0.41211457125 0.50223444375 0.40944045500000004 0.5043157875 0.4062315325 0.5043157875 0.39874398624999996 0.4995584375 0.38457116874999997 0.48885432 0.3637130475 0.48379961625 0.35729517375000003 0.480826255 0.35462105625 0.47904221999999996 0.3532839975 0.4766635675 0.35194694 0.47069005875000003 0.352171405 0.46417541625 0.3562255225 0.46149941 0.36077152375 0.46001272875 0.36745681625000004 0.46149941 0.37414210875000004
2 0.27982706749999997 0.36103893125 0.28012439875 0.37467693375000005 0.28220574249999997 0.37949034249999997 0.28517910375 0.382699285 0.289639145 0.38323411 0.29558586625 0.38243186625 0.30123525624999997 0.37842069125 0.31164201874999997 0.35836481374999996 0.31818340375 0.3359022325 0.31729141 0.33108883375 0.31610206 0.32787988625 0.31461538 0.32574060000000005 0.31010080875 0.32344180875 0.30361395375 0.32413611875000004 0.2943965175 0.32787988625 0.28666578375 0.33857635 0.27982706749999997 0.36103893125
0 0.6172724212499999 0.32410774750000004 0.6245607400000001 0.32410774750000004 0.6446036162500001 0.317225195 0.65699374875 0.311161995 0.66737961125 0.30329622375 0.6668329812499999 0.3024768725 0.6644642725 0.29919946750000004 0.66045570375 0.29330013375 0.65426063 0.28838403 0.65207414 0.28592597625 0.64897659625 0.28641759125 0.64296374125 0.288875645 0.63476438375 0.29084208375 0.62948035 0.2939556175 0.6141748775 0.30034656 0.6090730637499999 0.3057542775 0.60725098375 0.31165360375 0.60743318875 0.317716805 0.6084975862499999 0.32029791500000004 0.61016630875 0.32132195125 0.6130816325 0.32328839625 0.6172724212499999 0.32410774750000004
1 0.6577105675 0.56410266 0.63867883125 0.570604965 0.63038566625 0.5755773125 0.62666437625 0.5783503562500001 0.6261327637499999 0.5799759325 0.62602643875 0.581601505 0.62528218375 0.5841833025 0.62464424625 0.58600012375 0.62464424625 0.5876256999999999 0.6254948250000001 0.5890600324999999 0.62730231 0.590685605 0.6331500525 0.5930761575 0.64006102 0.5932674025 0.646653025 0.59317178125 0.6516501837500001 0.5938411375 0.66440889375 0.59211993625 0.6785498 0.5886775424999999 0.68577973125 0.58533076875 0.690351605 0.58255772625 0.6951361212499999 0.57806349 0.69683728125 0.57280427625 0.6969436025 0.57041372375 0.6969436025 0.568405655 0.69642700125 0.56593605375 0.693753925 0.5637201725 0.6869492775 0.5607558862500001 0.6781245075 0.55970404375 0.6577105675 0.56410266
1 0.3128767 0.77246361875 0.3146561275 0.78903858125 0.32202803750000003 0.8084712974999999 0.32838312875 0.81750179625 0.331306465 0.81841628 0.33486531875 0.8185305887500001 0.33651764749999996 0.8187592050000001 0.33905968375 0.820016615 0.34198301999999997 0.81944506375 0.3433811375 0.81887351375 0.34452505625 0.8165873112500001 0.345414775 0.8139581850000001 0.34630448375 0.81258645875 0.34884652000000005 0.8064137250000001 0.34922783 0.8027557925000001 0.34859232 0.79532563625 0.34617738375 0.7849234199999999 0.34211011999999996 0.77383534 0.33855127375000005 0.7667481137500001 0.33435691 0.7622900250000001 0.330925165 0.76080399 0.32609529125000003 0.7601181287500001 0.32419747875 0.75993678875 0.32240933624999996 0.7596608899999999 0.3179607725 0.76103260875 0.3147832275 0.76434760375 0.3128767 0.77246361875
0 0.63517494875 0.7678406699999999 0.637035435 0.7787167562499999 0.63777961875 0.7860790312500001 0.64243083375 0.80046892625 0.6459657599999999 0.80080358875 0.6481983525 0.80080358875 0.6485704437500001 0.80197484875 0.6506169762499999 0.8036480924999999 0.6526635075 0.80448471375 0.656198435 0.8034807637500001 0.65936127 0.8023094987499999 0.66271013625 0.8024768324999999 0.665128775 0.8026441425 0.6668032150000001 0.8023094987499999 0.6673613525000001 0.7989630099999999 0.66717530625 0.79059679125 0.666617155 0.77637421875 0.6643845775 0.7673386987499999 0.6615938475 0.7596417825 0.65805892125 0.7546220512499999 0.65526819125 0.752781475 0.65156190625 0.7513814762500001 0.6461518062499999 0.752781475 0.639640105 0.7576338825000001 0.63647728375 0.760813045 0.63517494875 0.7678406699999999