2 0.25981233875 0.27588174 0.24648835 0.28663101 0.240900855 0.2996197325 0.241330655 0.3067859275 0.24304988625 0.31171270375 0.24648835 0.31484789875 0.2576633075 0.312160575 0.27012769625 0.30409860375000003 0.28989878 0.29245354625000003 0.30795063125 0.28349580625000004 0.3229938525 0.27319439875 0.327291915 0.26826764000000003 0.326432315 0.2619972225 0.3241299825 0.2530170225 0.31740639000000004 0.2490085 0.304942 0.24990428125 0.2937670425 0.25214371625 0.25981233875 0.27588174
2 0.1218445225 0.38023941 0.12055509 0.3856140575 0.11969549125000001 0.38964503125 0.1218445225 0.39546755875 0.13001081625 0.39949855 0.14548386875 0.40308164249999995 0.1648251525 0.40397742000000003 0.18416643624999998 0.4026337625 0.20135868875 0.4008422075 0.21081441375 0.39725911375 0.21640190874999998 0.39054080874999997 0.2181211075 0.3856140575 0.21726150874999997 0.3811351875 0.21124421375000002 0.37755207749999997 0.2022182875 0.37486476125 0.169553015 0.37128166874999996 0.14118580625 0.37307320625 0.12786178375 0.37576053875 0.1218445225 0.38023941
2 0.43345405875 0.3067859275 0.43990115375 0.31484789875 0.44591848125 0.31529578 0.45021654375 0.312160575 0.453225175 0.30409860375000003 0.45193574249999996 0.292901435 0.44205018500000004 0.26916343375 0.42872622875 0.24497751375 0.42184930125000003 0.238707105 0.41669163875000004 0.234228235 0.40903140625 0.23119556374999997 0.4033676175 0.23333245375 0.40508688249999997 0.24766484625000001 0.41583204 0.2767775 0.43345405875 0.3067859275
2 0.30881026375000004 0.48414919125 0.30924006375 0.49803371625 0.3161169575 0.5038562275 0.323853485 0.50430410875 0.3376072725 0.49041961624999997 0.34964183 0.47429569 0.36382545125 0.44428728874999995 0.36812351374999996 0.4348816325 0.36898311375 0.4281633275 0.36941294625 0.42368445625 0.36769374749999995 0.41830980875 0.3612466525 0.41383093875 0.35222069375 0.41383093875 0.33803707250000004 0.429506985 0.31482752625 0.47026470000000004 0.30881026375000004 0.48414919125
2 0.2518744925 0.5885904575 0.2901272275 0.60068339375 0.3081791125 0.60695381875 0.31849447000000003 0.609193255 0.327520395 0.60605805875 0.33224825875 0.5975481975 0.33267805875 0.5921735325 0.3292396275 0.58635102125 0.32064350124999996 0.57828904125 0.30645988 0.57381017125 0.29313589125 0.570674975 0.27766287125 0.56440455 0.269066745 0.55992567875 0.25445332375 0.56126935375 0.24972546125 0.562165115 0.24299001374999998 0.5641126975 0.23983990375 0.56843554 0.23983990375 0.57828904125 0.24198893500000002 0.58276791125 0.2518744925 0.5885904575
2 0.50604067 0.32510919250000003 0.5051810375 0.33541059124999995 0.5056108375 0.3604922675 0.5047512375000001 0.38288662 0.5047512375000001 0.40124999875 0.5099089 0.41289505499999996 0.5172156274999999 0.41558237 0.52280309 0.41647814875 0.52925018375 0.4097598425 0.53397808 0.39274013750000003 0.5335482475 0.37527254499999996 0.53096941625 0.35646130249999997 0.5335482475 0.33317115625 0.5331184475 0.32421341499999995 0.53096941625 0.31928666875 0.52241242125 0.3151242525 0.516355995 0.3157035625 0.5111983325 0.31883877125000004 0.50775986875 0.32152610375 0.50604067 0.32510919250000003
2 0.48283112250000004 0.6001118375 0.4892782175 0.61713155875 0.49744454374999997 0.62205831 0.50432143875 0.62340198375 0.5116281324999999 0.61489212375 0.5116281324999999 0.59339353125 0.5026022062500001 0.5526358175 0.49701471124999996 0.5356161125 0.49443588 0.5288978075 0.49142724875 0.52217950125 0.48533521749999997 0.51935073 0.48068209125000005 0.5194921687499999 0.47681382874999995 0.5253146975 0.47466479624999997 0.5548752525 0.48283112250000004 0.6001118375
2 0.59973842375 0.5687597437499999 0.599308625 0.57861328 0.6018874550000001 0.5817484749999999 0.60532591875 0.58398791 0.6100537825 0.58577946625 0.6156412775 0.58398791 0.62036914 0.57995692 0.6268162337500001 0.56741610375 0.6315440975 0.54591751125 0.6371315925 0.51635695625 0.6371315925 0.49978514875 0.63412292875 0.49396260374999995 0.6315440975 0.49082740874999997 0.62558377125 0.48689830375 0.6165008762499999 0.4885879725 0.6096239825 0.49844147499999997 0.6040364875 0.52800203 0.59973842375 0.5687597437499999
2 0.66163053875 0.432154195 0.6732353275 0.42991476 0.6897557587500001 0.42494223875000003 0.7067602325 0.4137908325 0.72051402125 0.39990632374999996 0.72653128375 0.39050070249999996 0.7273908825 0.38154296125000003 0.7243822525 0.37527254499999996 0.71879475625 0.37348098999999996 0.712777495 0.37348098999999996 0.7067602325 0.375720425 0.7003131387499999 0.38154296125000003 0.6844102525 0.38915703625 0.66334977 0.40169787874999996 0.6491661487499999 0.41155139749999997 0.6418594550000001 0.41961336125000004 0.6417042949999999 0.42535059750000004 0.6461575175000001 0.43260209250000004 0.6526046125 0.43260209250000004 0.66163053875 0.432154195
2 0.7617753875 0.48590064 0.78197633625 0.52038798125 0.7922916612500001 0.53785553125 0.80045795375 0.54278231625 0.8081944812499999 0.5405428812499999 0.8133521437500001 0.5360640275 0.8107733450000001 0.51859639125 0.8056156824999999 0.5056076775 0.7944406924999999 0.49082740874999997 0.78928303 0.47515136124999996 0.78584456625 0.4635062875 0.7776782725 0.45365277 0.77423980875 0.45051757375 0.76994174625 0.44603870375 0.7626350525 0.44648658374999994 0.7553282925000001 0.45141333375000003 0.75403892625 0.45723588 0.754898525 0.46619362000000003 0.7617753875 0.48590064
2 0.66807769875 0.6010076325 0.66678820125 0.620714635 0.66635840125 0.64042167125 0.669796865 0.6466920974999999 0.6796824225 0.6471399775000001 0.6861295175 0.63952591125 0.6912871800000001 0.628328735 0.6955852425000001 0.61130901375 0.69730444125 0.6027991525 0.70375153625 0.58891466125 0.70547080125 0.57906116 0.7067602325 0.57279073375 0.7067602325 0.56831186375 0.7059005675000001 0.56472875375 0.70504096875 0.56204143875 0.6981261275 0.55851745125 0.6917170125 0.5575625675 0.6852699174999999 0.56338511375 0.6771035587500001 0.57547805 0.66807769875 0.6010076325
2 0.68741894875 0.74614175875 0.68827854875 0.7864515925000001 0.6964448425 0.80123186125 0.70246217 0.80167974125 0.7063303999999999 0.80033608375 0.7123476625 0.79630511 0.71578612625 0.7891389074999999 0.7179351574999999 0.7671924525 0.7179351574999999 0.738975555 0.72008418875 0.7179248862500001 0.72008418875 0.71299811 0.7192245887500001 0.710758675 0.7142466512500001 0.706231945 0.70804959875 0.7062798037500001 0.69945347375 0.71165445125 0.6912871800000001 0.7206121925 0.68741894875 0.74614175875
2 0.57480967875 0.76450512 0.571371215 0.7940656749999999 0.570941415 0.82049100125 0.5752394787499999 0.8303445537499999 0.583405805 0.833031835 0.59544036125 0.82093889875 0.6040364875 0.79630511 0.60661531875 0.75644315625 0.6036066875 0.747037535 0.60145765625 0.7407671100000001 0.60016822375 0.7385276749999999 0.5971595925 0.7353924625 0.59200193 0.7353924625 0.587274035 0.7358403674999999 0.5821163725 0.738975555 0.57824810875 0.74614175875 0.57480967875 0.76450512
2 0.4243774725 0.8872261775 0.43770146125 0.8952881587500001 0.45403408125 0.90558954 0.47036673375 0.9176825100000001 0.4836907225 0.92216138125 0.49400607999999996 0.92126558625 0.49916374249999995 0.9167867162500001 0.50303200625 0.9100684099999999 0.499593575 0.90111066875 0.49185704874999997 0.89260080875 0.46306004 0.87423744625 0.4467273875 0.8616966475 0.43813126124999996 0.8567698625 0.428675535 0.8567698625 0.42085312375 0.8578631099999999 0.41664094625 0.8643839275 0.41492171375 0.8697585762500001 0.41836017750000004 0.87782054 0.4243774725 0.8872261775
2 0.33196910125 0.87378956625 0.33712677999999996 0.8885698525 0.34400367375 0.89797547375 0.35259979999999996 0.90021490875 0.35818727875 0.89752759375 0.3624853425 0.89170504875 0.36549398875 0.8818515474999999 0.3616257425 0.860800835 0.35861709500000005 0.8487078812500001 0.35560844750000004 0.82138677875 0.3551786475 0.8142205925 0.35174018375000005 0.8088459450000001 0.35002096875 0.8061586125 0.34401196125 0.802470175 0.33282871625 0.8043670737499999 0.32853065375 0.81735578875 0.3263816225 0.83975014125 0.33196910125 0.87378956625
2 0.6044662875 0.89663179875 0.57996734125 0.907381095 0.555468395 0.91857827125 0.55245973125 0.9239529025000001 0.55074049875 0.9266402512499999 0.55074049875 0.9347021974999999 0.55288953 0.9391810687500001 0.55675779375 0.94365993875 0.571801015 0.94455573375 0.60489612 0.9324627624999999 0.6212287387500001 0.92171346625 0.6268162337500001 0.9158909562499999 0.629824865 0.911859965 0.63627196 0.906933215 0.63579343625 0.90094650375 0.6315440975 0.89439236375 0.6259566025000001 0.89170504875 0.6199393400000001 0.89170504875 0.6044662875 0.89663179875
2 0.24926812874999998 0.7826398625000001 0.2256287825 0.7709948062499999 0.21789228875 0.76785959375 0.21144519375 0.76651593625 0.20628749875 0.76920325125 0.20370866750000002 0.7714426875 0.20027023625 0.776817335 0.20198943625 0.7839835374999999 0.21144519375 0.7965243712500001 0.23680377249999998 0.81264829875 0.26774984625 0.8229496975 0.27677573875 0.8242933725 0.28279306625 0.823397595 0.286231465 0.8225018175 0.28838049625 0.8202623825 0.28920218125 0.8131011425 0.28924016125 0.805034215 0.28236323375 0.7987638075 0.26946904499999996 0.79294127875 0.24926812874999998 0.7826398625000001
0 0.0848521775 0.66010570875 0.0944890375 0.64323471625 0.10624600375 0.6207400599999999 0.1108717 0.60326653375 0.11279907250000001 0.5944293525 0.11067896625 0.5944293525 0.09101977625 0.5857930100000001 0.08870692125 0.5876006149999999 0.0786845925 0.6058775187500001 0.07309521000000001 0.6207400599999999 0.07193879 0.63279078375 0.0700114175 0.6550845737500001 0.07097510374999999 0.6609090925 0.0736734275 0.6623150025 0.07791363999999999 0.66352007 0.08138291625 0.66271668625 0.0848521775 0.66010570875
1 0.76174817375 0.6913957025 0.776970285 0.69675765125 0.78361654875 0.6969810712500001 0.79948183625 0.69519374625 0.8089152525 0.6927362037499999 0.81384636125 0.691842525 0.82242219 0.6913957025 0.8348571162499999 0.6889381349999999 0.84043141875 0.68446984 0.843647355 0.6782142274999999 0.84407614 0.6721820275 0.8427897849999999 0.668383975 0.836143505 0.6654795849999999 0.8159903187499999 0.66279860625 0.8011969925 0.66346885625 0.77439752625 0.6677137325 0.76496411 0.6739693437500001 0.7602474100000001 0.680448375 0.75968183375 0.6835759849999999 0.7585322375 0.6869274075 0.75831784625 0.6898317975 0.76174817375 0.6913957025
1 0.82700122625 0.3874048825 0.82405744375 0.40106970625000005 0.8245926775 0.41208522999999997 0.8282055012499999 0.42533174500000004 0.8324873549999999 0.43244302875 0.8367692087499999 0.43286134375 0.84212153125 0.43188527875 0.8469386299999999 0.43021203874999997 0.8516219112500001 0.421427505 0.85416425625 0.40650775125000005 0.8522909525 0.3874048825 0.84867812875 0.37443724375000004 0.8419877250000001 0.35352169250000004 0.84051583875 0.35031464749999996 0.8378167575000001 0.35120629125 0.8344944762500001 0.355334375 0.8327549675 0.36021467 0.83195212125 0.37457667875 0.82700122625 0.3874048825
1 0.4396013875 0.694322575 0.453444925 0.73028276875 0.46528213 0.74889004875 0.47130105499999997 0.751607975 0.47591557 0.74575398625 0.4779218775 0.7344641762499999 0.47651746875 0.7231743425 0.47130105499999997 0.7058214687500001 0.46949539 0.69390443125 0.46849223625 0.6790604087500001 0.466285285 0.67195199875 0.4632758225 0.66714337125 0.458460695 0.6640073099999999 0.45305255250000004 0.662933375 0.44862978249999996 0.6625438162499999 0.44220959375 0.6660980175 0.43819697750000003 0.68052390625 0.4396013875 0.694322575