2 0.15803516875 0.447529605 0.16470079999999998 0.45779480375 0.17107660249999998 0.46485214999999996 0.17600338000000001 0.4680600275 0.1817995725 0.46292742750000004 0.18411803625 0.45811561125 0.18411803625 0.45169985500000004 0.17948108625 0.438868345 0.17252565125 0.427961555 0.16006386125 0.40903507125 0.151079745 0.4010153775 0.14673260000000002 0.39844907749999997 0.14267526125 0.39748670500000005 0.1381181625 0.40122624125 0.135140215 0.40486482125 0.137748495 0.418658705 0.14470393125 0.429565495 0.15803516875 0.447529605
2 0.26410549 0.43501887625 0.27250997250000003 0.44913354375 0.282363505 0.46645608875 0.28642084375 0.47319262625 0.28989855124999997 0.4767212875 0.2945355 0.4773628775 0.29714379125 0.47575893874999997 0.2997520825 0.4744757825 0.30178074125 0.47190947125 0.30236037374999997 0.46902237625 0.30236037374999997 0.46228583749999996 0.2991724725 0.45234142125 0.29047818375 0.43694359875000005 0.2835227475 0.42250814875000003 0.27859597125 0.4154508275 0.27511826375 0.41192216625 0.27279977875 0.4096766375 0.26903226625 0.4074311325 0.26758321875 0.40711035 0.26130855375 0.41004263875 0.25888892875 0.4125637325 0.25772968625000003 0.41705476625000004 0.25772968625000003 0.42314973875 0.26410549 0.43501887625
2 0.36872676125 0.37054053875000004 0.36061212750000005 0.37503156 0.3539464975 0.37920181124999996 0.34148467375 0.3865799275 0.33365980125 0.3917125275 0.32583495 0.40133616000000005 0.32496551125000006 0.40614797750000003 0.3278636075 0.4125637325 0.33134133749999994 0.415130045 0.33568848125 0.4164132 0.34670125625 0.41128057625 0.36293056874999996 0.40197775125 0.38379689749999996 0.38914625125 0.3881440425 0.38561756625 0.389013435 0.38305125500000003 0.3893032625 0.3811265575 0.3887236525 0.37567313875 0.38669499375 0.3711821175 0.3832172425 0.36957817875000004 0.37742105000000004 0.369898985 0.36872676125 0.37054053875000004
2 0.3832172425 0.25858560125 0.3942300175 0.25409457375 0.411618595 0.24735802875000001 0.4168351775 0.24350858250000001 0.41770461500000006 0.238055185 0.41654535000000004 0.23388494875 0.4113288125 0.23035627875 0.4052427925 0.22875234 0.39162174875 0.23099785375 0.3655388825 0.24094227375 0.35220762125 0.25152827375000003 0.3479041525 0.2585608975 0.3507585725 0.26371821875 0.35655476625 0.26564293375 0.36669810249999996 0.2653221575 0.3832172425 0.25858560125
2 0.47606793375 0.23121809124999998 0.48737051375 0.244370385 0.49374633875 0.24854063624999997 0.49925270374999997 0.24982378 0.50388967625 0.24821984125 0.5073673825 0.24533275875000002 0.50881643125 0.2389170025 0.505918335 0.23185967000000002 0.5015711900000001 0.2231983975 0.49258709625 0.21036688625 0.478676225 0.19528985875 0.4725902275 0.19176119125 0.467373645 0.19079884249999998 0.46384805 0.19083493375 0.45867935625 0.19368591999999998 0.45867935625 0.19849773625 0.4636061325 0.21036688625 0.47606793375 0.23121809124999998
2 0.52475596 0.37888101625 0.53779739375 0.38625913250000005 0.545042635 0.38818386625 0.5505490212499999 0.38690071125000003 0.55286748625 0.38433443500000003 0.5534471175 0.37823943875 0.5514184375 0.37182368250000003 0.5438833912500001 0.3628416275 0.53258081125 0.35450115 0.5256253975 0.35001011624999995 0.508526625 0.3419904225 0.50388967625 0.34134884374999996 0.49693424 0.34327357875 0.49287690125 0.3458398775 0.49138472624999996 0.34993083625 0.49055841499999997 0.35321799374999996 0.49316670625000003 0.35899217125 0.50823682 0.36893659999999995 0.52475596 0.37888101625
2 0.49055841499999997 0.4652232125 0.49751385124999997 0.48896151250000003 0.5021508 0.4934525225 0.5067877725000001 0.49505646124999997 0.51055528375 0.49377333 0.51577186625 0.48799914 0.517220915 0.48094181874999997 0.51577186625 0.47163896875 0.5114247224999999 0.45367485750000003 0.5073673825 0.43474836250000004 0.50417948125 0.42640790875 0.5021508 0.4215960925 0.5004119475000001 0.41902976875 0.49809348375 0.41678427625 0.49693424 0.4151803375 0.49316670625000003 0.41678427625 0.48679090375 0.4203129125 0.48563166 0.427370245 0.48621127125 0.43988097375 0.49055841499999997 0.4652232125
2 0.6068836925 0.3195352775 0.59703016125 0.32915891125 0.5935524424999999 0.33557466625000004 0.5921033950000001 0.3419904225 0.5929728212500001 0.349047755 0.59616073375 0.35353878875 0.6028263537499999 0.354180355 0.61499836 0.34455672249999997 0.63876274125 0.32017685625 0.64687741875 0.3076661275 0.64687741875 0.30381668375 0.64629780875 0.30028801125 0.6431987675 0.295830215 0.63992198375 0.2935514675 0.62890923125 0.29708013375 0.61789645625 0.30574140624999996 0.6068836925 0.3195352775
2 0.67991572125 0.35065169500000004 0.67730743 0.36220005 0.677017625 0.371502925 0.68020552625 0.37791868 0.68513228125 0.38273049625 0.69063866875 0.3801641725 0.6970144937499999 0.36765344375 0.70918649 0.32787576749999997 0.71121514875 0.3134403175 0.7106355375 0.31023244 0.7051562875 0.307051085 0.6981737149999999 0.31183637875 0.69150810625 0.32049763875 0.6871609625 0.33268758374999996 0.67991572125 0.35065169500000004
2 0.736718405 0.27013397375 0.72918335875 0.278474445 0.72483621375 0.28649414 0.72454640875 0.29130595625 0.7259954575 0.295476195 0.7300527737500001 0.30028801125 0.73497955125 0.30092959 0.7413553537500001 0.29740092874999996 0.7488904 0.29034358875 0.76222166125 0.278474445 0.77526309375 0.26692609624999997 0.78076946 0.2595479675 0.78279814 0.25601930125 0.7825083349999999 0.25249063374999997 0.7801574975 0.24734002749999998 0.7781611900000001 0.24190464375 0.7714955600000001 0.24222542625 0.7587439324999999 0.24960354625 0.736718405 0.27013397375
2 0.800476545 0.35321799374999996 0.8111994925 0.37631474125 0.8196039537500001 0.39235413 0.82395109875 0.39620356125 0.8277186325 0.39652434375 0.83061672875 0.39588276624999996 0.83496387375 0.3920333225 0.83554348375 0.38497598875 0.83467404625 0.37695629500000005 0.8311963400000001 0.36797423875 0.82308166125 0.34936853874999996 0.81844473375 0.33782018375 0.81322815125 0.33236678875000003 0.8094606175 0.32915891125 0.80743195875 0.3275549725 0.8051134725 0.32691339375 0.80081000375 0.32989356875 0.7967089887500001 0.33236678875000003 0.79525994125 0.33557466625000004 0.79641918375 0.3419904225 0.800476545 0.35321799374999996
2 0.77381404625 0.43452812749999997 0.7567152737499999 0.43132024999999996 0.7486005950000001 0.43132024999999996 0.7425145974999999 0.43356576625000004 0.73961650125 0.437736005 0.73990630625 0.44254782125 0.74570249875 0.44864279500000004 0.7581643212500001 0.4553793325 0.7712339525 0.46047512249999994 0.7900433812500001 0.4633990275 0.79873767 0.461474305 0.8051134725 0.45954957125 0.80859118 0.45666248875 0.80878114625 0.45212090000000005 0.80743195875 0.44543491 0.80221537625 0.44126468375 0.78685547875 0.43645286749999995 0.77381404625 0.43452812749999997
2 0.79468033 0.50638459375 0.8143873725 0.51119641 0.8245307087499999 0.51151719375 0.82945750875 0.51119641 0.8332249975 0.5099132550000001 0.8338046525 0.50702617125 0.8335148250000001 0.5025351375 0.82945750875 0.495477805 0.82192244 0.48938284375 0.80743195875 0.48264629375 0.7885943325 0.47687211625000003 0.7825083349999999 0.47655133375 0.77932041125 0.47687211625000003 0.77410385125 0.4778344775 0.7714955600000001 0.47879683749999996 0.76892543125 0.48217680125 0.7691770737500001 0.48842047125 0.7703363175 0.4925907225 0.7810592862500001 0.50093119875 0.79468033 0.50638459375
2 0.7996071075000001 0.57856184375 0.79033318625 0.57824106 0.78511660375 0.5779202775000001 0.78279814 0.57824106 0.78076946 0.580486565 0.780479655 0.5836944425 0.78743509 0.5917141375 0.7958395737499999 0.59941304875 0.8091708337500001 0.6035833 0.8248205362500001 0.6055080212499999 0.8340944362499999 0.6055080212499999 0.8480053074999999 0.6023001437500001 0.8475498874999999 0.59839295125 0.8453970375000001 0.5917141375 0.83728235875 0.58722310375 0.81757529625 0.58305287625 0.7996071075000001 0.57856184375
2 0.6622373387499999 0.52595264375 0.65760036625 0.53557627625 0.65644114625 0.53942575625 0.65615131875 0.5423128275 0.65586151375 0.54648306625 0.65586151375 0.54904939 0.6578901937499999 0.551615665 0.66107809625 0.5548235425 0.6645558025 0.55610669875 0.66687428875 0.55610669875 0.6718010437499999 0.55386119375 0.67991572125 0.5455207049999999 0.68397306125 0.54038809375 0.6923775225 0.52146162125 0.6990431524999999 0.5054222325 0.70020239625 0.49932726000000005 0.70020239625 0.496440165 0.6990431524999999 0.4932322875 0.6981737149999999 0.49130756624999994 0.6970144937499999 0.49002440999999997 0.6938265699999999 0.487778905 0.69005905875 0.48649575 0.68513228125 0.48745811000000006 0.67875647875 0.49483622625 0.6622373387499999 0.52595264375
2 0.6092021675 0.420734255 0.61673721375 0.44545215125 0.62803979375 0.46211588374999996 0.6390525687499999 0.47302266000000004 0.6431098849999999 0.47462659875 0.6477468575 0.47302266000000004 0.64948571 0.47109793875 0.6503551262499999 0.466606905 0.64658761375 0.45794563250000003 0.6291990362500001 0.42137583375 0.6260111349999999 0.41463928875 0.62369264875 0.41271456125 0.6216639899999999 0.41078984625 0.61731684625 0.407902745 0.6141289225 0.4098274725 0.6109410212499999 0.41335613875 0.6094919725 0.4165640175 0.6092021675 0.420734255
2 0.5749733 0.52574964375 0.56511979125 0.53120303875 0.56106245125 0.53505249375 0.56077264625 0.5366564325000001 0.56135225625 0.53986431125 0.562221695 0.54275139375 0.5656994012500001 0.547884005 0.570046545 0.54852557125 0.57758159125 0.547884005 0.58917397625 0.54371375375 0.61061989375 0.53505249375 0.6184447675 0.5289575212500001 0.62482057 0.524145705 0.62713905625 0.521579405 0.62800849375 0.5196546712500001 0.6265318325 0.5138356825 0.6239511325 0.51003104375 0.61554664875 0.508427105 0.595259975 0.5154844325 0.5749733 0.52574964375
2 0.429488875 0.52382492125 0.43383602000000004 0.5305614599999999 0.4462978425 0.54692163125 0.4578902275 0.55943236 0.46513546875 0.56456496 0.47267051375 0.5677728375000001 0.47614822125000006 0.568414415 0.47875651249999995 0.568414415 0.48107499750000005 0.56616889875 0.48310365625 0.56103629875 0.48252404624999995 0.55558290375 0.47730746375000005 0.54692163125 0.461367935 0.52799516 0.44861630625 0.513559705 0.44426916125 0.5093894775 0.44224050249999997 0.50714394875 0.4384853225 0.5074237575 0.432097155 0.5090686775000001 0.42775001 0.51259735625 0.4280398275 0.5170883712500001 0.429488875 0.52382492125
2 0.08368333375 0.7295504287500001 0.07353999625 0.73211674125 0.07006229 0.73500383625 0.06977247375000001 0.7388532787500001 0.07180114374999999 0.7433443125 0.08049543249999999 0.74783534625 0.09179801250000001 0.7520055725 0.10512925125 0.7542511025 0.113533735 0.753930295 0.12106878 0.754571885 0.1306325075 0.7529679462500001 0.1355592625 0.75040163375 0.13816755375 0.7487976949999999 0.1373935125 0.7446650025 0.1364287 0.740136435 0.12454651 0.73532461875 0.10802734750000001 0.7311543675 0.08368333375 0.7295504287500001
2 0.19497023625 0.7279464900000001 0.20656262125000002 0.73532461875 0.2146773 0.7398156525 0.22221234625 0.7407780012499999 0.22655949 0.73789090625 0.22858814875 0.73372068 0.2274289275 0.7282672725 0.221632735 0.7215307350000001 0.21206900874999998 0.71190710125 0.19497023625 0.6997171925000001 0.18772499499999998 0.69715086875 0.18163899749999998 0.69715086875 0.1767122425 0.69747165125 0.17236509875 0.69747165125 0.16674181125 0.70258674125 0.16598927375 0.7077368875000001 0.17439375625 0.7160773399999999 0.18453709375 0.7231346737500001 0.19497023625 0.7279464900000001
2 0.24945445500000002 0.623048885 0.265393985 0.64037143 0.27872524625 0.6512782187499999 0.2877093175 0.65352372375 0.29234629 0.6551276625 0.29756287125 0.6490327025 0.29582399625 0.6406922125 0.28944819375 0.63267251875 0.27148000499999997 0.61342525875 0.25843857124999997 0.59931059125 0.2538016 0.59481956375 0.25003406625 0.5938572025 0.24427929375000001 0.59558773375 0.24076016625000002 0.59866901875 0.24018053375 0.6060471362500001 0.2413397775 0.61117975375 0.24945445500000002 0.623048885
2 0.31553106 0.68014911875 0.3445120225 0.69490537625 0.35987194250000004 0.6968300737500001 0.36885601375 0.6968300737500001 0.3752318175 0.69426377375 0.37870956749999996 0.69009356 0.37986878875 0.68592329625 0.3763910825 0.68046992625 0.36769679375000003 0.67694124125 0.35407575 0.6724502075 0.33581773374999996 0.6657136687499999 0.32306608375 0.66218499625 0.31900876624999996 0.6615434175 0.31495145 0.6618642137499999 0.31167168375 0.66772189625 0.31002465 0.6698839074999999 0.30944504 0.67148784625 0.31060430499999997 0.6753373025 0.31553106 0.68014911875
2 0.4214231625 0.61759550875 0.43794232375 0.61759550875 0.44228946874999997 0.6159915699999999 0.445187565 0.6127836925 0.445767175 0.60797187625 0.44315888375 0.60251846875 0.43562383875 0.59674430375 0.42548050125000003 0.59353642625 0.41359831125 0.59161168625 0.4008466825 0.59097011375 0.38954410250000004 0.59481956375 0.382878495 0.59770665875 0.378339425 0.6019996587499999 0.38056000875 0.6082926525 0.38606639625 0.6121421025 0.40403458375 0.61534998 0.4214231625 0.61759550875
2 0.49822271375 0.6968300737500001 0.50314946875 0.70035874625 0.50778644 0.7016418899999999 0.5112641475 0.70452900875 0.51387246 0.7106239575 0.52053804625 0.7157565812500001 0.52691389375 0.7189644587499999 0.53328969625 0.7215307350000001 0.53734701375 0.7173605200000001 0.5399553275 0.713831835 0.54082472125 0.70902001875 0.5338693075 0.699396385 0.5277832875 0.6926598350000001 0.51532150875 0.6807906850000001 0.5022800749999999 0.66507209125 0.49996159 0.66250579125 0.49735327625 0.6609018525 0.49445518 0.65993948 0.49271634875 0.66026027375 0.48812380375 0.6625122062500001 0.48460167 0.66763839125 0.48431184250000003 0.6724502075 0.48749976625 0.68303620125 0.49822271375 0.6968300737500001
2 0.660048105 0.6852817425000001 0.6443983812499999 0.69811325375 0.6406308475 0.7016418899999999 0.6383123825 0.7051705625 0.637442945 0.7070952850000001 0.636863335 0.710944765 0.63773275125 0.7141526425000001 0.6400512362499999 0.7176812787500001 0.64352894375 0.7196060125 0.64932513625 0.7186436525000001 0.65715000875 0.7160773399999999 0.6733793437500001 0.7042082025 0.68902906875 0.6907351125 0.6948252612500001 0.6817530575 0.6968539199999999 0.6779036025 0.69501119625 0.67132860375 0.6913475325 0.66892154625 0.68873924125 0.66827996875 0.6783060987499999 0.67116705125 0.660048105 0.6852817425000001
2 0.72815334625 0.6961885074999999 0.72351641875 0.6990755900000001 0.71192403375 0.7032458287500001 0.7020705012499999 0.7103031625 0.69540487125 0.7176812787500001 0.69279658 0.722172325 0.69279658 0.7279464900000001 0.6980131625 0.7343622449999999 0.7029399175000001 0.73596618375 0.7101851575000001 0.73468302875 0.7301820487499999 0.7224931075000001 0.7432234825 0.7141526425000001 0.7516279437500001 0.7096615837500001 0.7565546987499999 0.70549134625 0.7588731850000001 0.7032458287500001 0.7574241362499999 0.69715086875 0.7553954775 0.69298063 0.75104833375 0.69169749875 0.7365578524999999 0.6926598350000001 0.72815334625 0.6961885074999999
2 0.7832171762500001 0.70035874625 0.8087204325 0.7022834675 0.81683511125 0.7013211312500001 0.8263988375 0.69779244625 0.8298765437500001 0.6961885074999999 0.83016637125 0.69298063 0.8295867162499999 0.68848962 0.82813766875 0.6852817425000001 0.82263130375 0.6807906850000001 0.82002303375 0.67950754125 0.8136471875 0.67854518 0.80292424 0.67694124125 0.78698471 0.675658085 0.7759719350000001 0.67405414625 0.7695961325 0.6750165075 0.7664082525000001 0.67662044625 0.7640897674999999 0.678224385 0.7609542887499999 0.6845532 0.76293050125 0.6907351125 0.7669878637499999 0.69490537625 0.77278405625 0.6984340125 0.7832171762500001 0.70035874625
2 0.8944551125 0.74783534625 0.8834423825000001 0.7487976949999999 0.87387865625 0.75040163375 0.8706907325000001 0.75232635625 0.8680824625 0.75585504125 0.86779263625 0.76162920625 0.86866207375 0.7657994574999999 0.87445826625 0.7693281175 0.88431177625 0.7715736225000001 0.8950347675 0.7722152124999999 0.9132927387499999 0.7715736225000001 0.92401573 0.7670826125000001 0.93097114375 0.7635539275 0.9341590675 0.7571381725 0.9341454862499999 0.7498746925 0.93010170625 0.7459106 0.9202481962500001 0.7455898175 0.9086558112500001 0.7455898175 0.8944551125 0.74783534625
2 0.77046557 0.78327281875 0.77104518 0.7973874725000001 0.77249422875 0.8054071675 0.775392325 0.80957741875 0.77973946875 0.8092566237500001 0.78408661375 0.8047656012500001 0.7878541475 0.79225487375 0.7930707300000001 0.76595027375 0.79480956125 0.74445749625 0.7950993887500001 0.7386833125 0.79422995125 0.7351546525 0.7936503399999999 0.7325883587500001 0.7922012925 0.7297012574999999 0.7888532887499999 0.7270322075 0.781478345 0.73066361875 0.7745228875 0.74830694625 0.7713350075 0.7627423962500001 0.77046557 0.78327281875
2 0.7029399175000001 0.82946625 0.7261246875 0.8336365012500001 0.749019675 0.83299492375 0.7559750887500001 0.8310701887499999 0.7591630125000001 0.8272207462500001 0.760032405 0.82240892875 0.7591630125000001 0.8188802562499999 0.7568445262500001 0.8140684400000001 0.7495992850000001 0.81021898375 0.74061516875 0.8082942625 0.7310514425 0.80669032375 0.726414515 0.8070111062499999 0.7206183224999999 0.8086150449999999 0.7110545962499999 0.8060487449999999 0.7075768675 0.8057279625 0.70409916 0.80669032375 0.6997520162499999 0.8089358400000001 0.6928372487500001 0.8139939475 0.6925067749999999 0.8166347399999999 0.69279658 0.8204841949999999 0.6948252612500001 0.8243336512499999 0.7029399175000001 0.82946625
2 0.5760033125 0.7518356249999999 0.5812198725 0.75600585125 0.58933455125 0.75889294625 0.60643332375 0.761780035 0.618895125 0.7627423962500001 0.62816904625 0.7608176675 0.6342550437500001 0.7572890074999999 0.63773275125 0.75279797375 0.6383123825 0.7502316862499999 0.6383123825 0.74574064625 0.63396523875 0.74124961875 0.62816904625 0.73804174125 0.591653015 0.7325883587500001 0.58006063 0.73387149625 0.57542368 0.7364378025 0.57327010375 0.7402568037499999 0.57194597375 0.7428535574999999 0.57194597375 0.74574064625 0.57194597375 0.74766537375 0.5760033125 0.7518356249999999
2 0.65309267 0.85833715 0.6557009612500001 0.8907367225 0.65686018125 0.907096895 0.6597582774999999 0.91704131125 0.6632360075 0.9231362837499999 0.66700351875 0.9247402225000001 0.6704812475 0.92409865625 0.67424876 0.922173935 0.675987635 0.9173621175 0.67772648875 0.9080592675 0.67308953875 0.85577085 0.67135066375 0.8506382512499999 0.66874239375 0.84775115625 0.66555447125 0.84518488125 0.66203965125 0.8448513387500001 0.65830923 0.8461472175 0.6554111337499999 0.84839275875 0.65309267 0.85160063625 0.65309267 0.85833715
2 0.59136321 0.91704131125 0.6136785650000001 0.9449308187500001 0.62150341625 0.95198814125 0.62903846125 0.9548752349999999 0.63454484875 0.9481386974999999 0.63396523875 0.94140217125 0.63048751 0.9343448125 0.6258505600000001 0.9272874799999999 0.6203441725 0.920550965 0.614837785 0.9131728250000001 0.609621225 0.9064362737499999 0.6038250325 0.90258683125 0.59918808375 0.89969973625 0.5962899875000001 0.8987373750000001 0.59368169625 0.8984165799999999 0.5877630912499999 0.9013564325 0.5855670175000001 0.9042098 0.5852772125 0.90677611125 0.58672626 0.9103047725000001 0.59136321 0.91704131125
2 0.41439422625 0.7712562024999999 0.42453756374999996 0.7738225025 0.44105670375 0.77606802 0.45322870000000004 0.7744640812500001 0.4656905225 0.7738225025 0.4723561525 0.7712562024999999 0.47445719500000005 0.7659636787499999 0.4723561525 0.7600286312500001 0.46185049125 0.7531321675 0.42743566 0.7481594812500001 0.41758212875 0.751046575 0.4098616725 0.7546836362499999 0.40859803375 0.7584246924999999 0.40888783875 0.7635572912499999 0.4103368875 0.7677275299999999 0.41439422625 0.7712562024999999
2 0.3250603325 0.7916267 0.34418776375 0.8111947625 0.36360502250000004 0.8291588975 0.36940121499999995 0.83140438875 0.37693626 0.8291588975 0.37954455125000003 0.82498863375 0.37983435625 0.8204976 0.37780569875 0.81440264 0.37200950624999995 0.8041374287499999 0.3601272925 0.7929098562500001 0.34302854250000003 0.7784744062500001 0.33549347500000004 0.7759081062500001 0.32911767124999997 0.7739833724999999 0.32592976999999995 0.7739833724999999 0.321816775 0.77552239375 0.319553945 0.77975755 0.31839472375 0.7820030674999999 0.31926414000000003 0.7861733062499999 0.3250603325 0.7916267
2 0.47518172999999997 0.8913916937499999 0.47981870125 0.8875422500000001 0.48503523875 0.88273043375 0.49517857625 0.8731068000000001 0.51285698125 0.85931291625 0.51836334625 0.8509724387500001 0.51836334625 0.846802225 0.51691429875 0.843915105 0.51198754375 0.8407072275 0.5047423025 0.84006566125 0.49778689 0.8419904075 0.48735372499999996 0.8490477175 0.4702549525 0.8650871062500001 0.46445875999999997 0.8721444275 0.46098105375000004 0.88016412125 0.46098105375000004 0.8856175275 0.46276107625 0.8901355624999999 0.46793648875000005 0.89331644 0.47054478000000005 0.8929956325 0.47518172999999997 0.8913916937499999
2 0.51372013 0.79884182875 0.52188598125 0.81504920875 0.52723601625 0.81972441375 0.531178185 0.82065945125 0.53624666375 0.81691931 0.53906248125 0.81037400375 0.5384992825 0.8019586325 0.52836236875 0.77702420625 0.52188598125 0.75988178875 0.5168175025 0.7533364950000001 0.514283285 0.75021969125 0.51174902375 0.74866129 0.5070050662500001 0.75077905 0.5013305100000001 0.75551825875 0.5004857775 0.76206355375 0.5030200175 0.7720373137500001 0.51372013 0.79884182875
1 0.5479872 0.6440708525 0.53406347875 0.64957515625 0.5288612075 0.6522849675000001 0.52258788375 0.6569424537499999 0.52021625625 0.65948290125 0.51937471375 0.66210803 0.51868617625 0.6654952925000001 0.5188391875 0.6699834199999999 0.5199867475 0.67320131875 0.52197585 0.6744715425 0.52840218375 0.6752336750000001 0.53597607875 0.6754877225 0.54309094375 0.6726085537500001 0.5606868575 0.66524124875 0.57139741375 0.65897481375 0.57506960625 0.65220028875 0.57621716625 0.64906706625 0.57583464625 0.6472040712499999 0.57491660125 0.64576448375 0.57415156125 0.6442402162499999 0.57285099625 0.64271594875 0.57002034 0.64017549875 0.56474157 0.6394980474999999 0.5584682475 0.6409376349999999 0.5479872 0.6440708525
1 0.90323823125 0.53258156 0.90730078375 0.5439901175 0.92189588 0.5658912174999999 0.9316760975 0.5723866025000001 0.9379203925 0.5769666812500001 0.94220864 0.5791318075 0.94386375125 0.5788819825 0.945067475 0.5772164987499999 0.946120725 0.57446845625 0.9452179375 0.56972182625 0.9394250425 0.55731398125 0.92445377875 0.5363288937499999 0.91926274375 0.5277516575 0.91828472 0.5248370625 0.9168553025 0.52350467625 0.91572681625 0.5234214025 0.90805310875 0.52283848375 0.9048933475 0.52358795125 0.9036143925000001 0.526669095 0.90323823125 0.53258156
0 0.090953935 0.489795015 0.09189394374999998 0.49200604249999996 0.09295145125 0.49343670500000003 0.09412645624999999 0.49512748875 0.09483145875 0.50150045 0.09483145875 0.503061175 0.0965939675 0.50397159375 0.10152898875 0.50514213875 0.11468906000000001 0.510344555 0.13266664375 0.51723775375 0.14124419124999998 0.51879849 0.14794172125 0.51749788625 0.150879235 0.51580709125 0.15146673875 0.51203533875 0.15099674375 0.509954375 0.14335919625000001 0.50189063 0.1303166325 0.4923962225 0.1144540525 0.4858932 0.10000148625 0.48420242125 0.0938992025 0.48454317625000004 0.09189394374999998 0.4865435025 0.09060143875 0.48849440875 0.090953935 0.489795015