2 0.20446572625 0.30454628 0.21661731750000002 0.303703145 0.23505421250000003 0.29822273625 0.25055794625 0.29147762875 0.25851933625 0.28346780125 0.2627095375 0.27756582875 0.2627095375 0.27292856125 0.26187147875 0.2691344375 0.25684324875000003 0.26491874125 0.253491075 0.26365404000000003 0.24594873125 0.26449717 0.230444965 0.27039914625 0.2015325975 0.28093838125000004 0.1927331475 0.2851540775 0.1907919175 0.29239463375 0.1910570925 0.29695803000000004 0.1927331475 0.30033058375 0.1960853225 0.30328157375 0.20446572625 0.30454628
2 0.08672105999999999 0.527978155 0.08546398625 0.544419375 0.08672105999999999 0.5528507662500001 0.08881616125000001 0.55790958875 0.09342537625 0.56043903125 0.097196565 0.560860595 0.1026438075 0.56043903125 0.10641499625 0.5570664625 0.11102421124999999 0.55200764 0.11521441375000001 0.52334089625 0.1147954 0.49762515874999996 0.1139573725 0.4934094625 0.11060519749999999 0.491301615 0.10809108249999999 0.48708591875 0.1059959825 0.48244866000000003 0.1001631325 0.48093440125000003 0.096358505 0.4803408125 0.0921683025 0.48329178624999997 0.0875590875 0.49762515874999996 0.08672105999999999 0.527978155
2 0.19901845 0.42637989374999996 0.18896199125 0.44492894499999996 0.186447845 0.45378191625 0.1856098175 0.45926235 0.1881239325 0.46600742375000004 0.19189512 0.46937999374999995 0.19859943624999998 0.46853685125 0.209493955 0.45968388125 0.21996946 0.44239956625 0.23295911125 0.42427204625000003 0.24008244125 0.4133112275 0.24133951499999998 0.408252405 0.24133951499999998 0.40487983624999996 0.2363682425 0.3987774075 0.232540065 0.39644844375 0.22667380874999998 0.39687002374999997 0.21452221625 0.40572297749999997 0.19901845 0.42637989374999996
2 0.24678675875 0.5187036375 0.24385363000000002 0.527978155 0.24008244125 0.53388013625 0.2375683275 0.5465272225 0.23673026749999998 0.5574880249999999 0.23798734 0.56507629125 0.24217754249999998 0.5701351125 0.24804383125 0.5735076825000001 0.25223403375 0.57055667625 0.2572622625 0.56254688 0.26354756625 0.54737034875 0.2715089875 0.52334089625 0.2748610975 0.5081643975 0.27569919 0.50268398 0.27569919 0.4988898475 0.27402307 0.49509574749999996 0.26780019125 0.49199399624999995 0.26354756625 0.49214474125 0.2581003225 0.49551731125000004 0.24804383125 0.50900752375 0.24678675875 0.5187036375
2 0.35698908 0.46010545999999997 0.3754259425 0.47148784125 0.38883463999999995 0.47359569 0.39553892375 0.4710662625 0.3984720525 0.46853685125 0.39931014374999996 0.46389957625 0.39889109875 0.4609486025 0.39428185125 0.4563113275 0.38506342 0.448301515 0.35698908 0.428909305 0.34316140124999994 0.4221641975 0.33813317125 0.42005634999999997 0.3352000425 0.4192132075 0.32856862375 0.423529835 0.33017181375 0.43059559000000003 0.3331049425 0.4415563925 0.33729514375 0.44956622 0.35698908 0.46010545999999997
2 0.3754259425 0.34628167374999996 0.3842253925 0.3585071825 0.39051069499999996 0.36356602000000005 0.39553892375 0.36651701000000003 0.40056715375 0.365252305 0.40475735625 0.36314445749999996 0.4089475575 0.35977190375 0.406433475 0.34796794249999996 0.39553892375 0.32857574874999995 0.38506342 0.30791884125 0.37794008875 0.295693325 0.37500696125 0.292742335 0.3720738325 0.29147762875 0.364715365 0.29292128125 0.35908418124999997 0.295693325 0.35950322625 0.3049678675 0.3632743825 0.322252205 0.3754259425 0.34628167374999996
2 0.44472564249999996 0.3483895225 0.45729624874999997 0.35344836 0.4711239275 0.3601934675 0.4870467075 0.36651701000000003 0.49668415250000003 0.36904642125000003 0.502969455 0.37031114375 0.5079977175 0.37031114375 0.5109308450000001 0.36778171625 0.51386397375 0.36356602000000005 0.51218791875 0.3585071825 0.50757867125 0.35429148625 0.5025504412499999 0.35007579125 0.49626513875 0.343752255 0.48662766249999995 0.33742871125 0.4736380425 0.33236989 0.46860981375 0.3319483025 0.45478213375000004 0.32604634625 0.448915845 0.32604634625 0.44472564249999996 0.3268894725 0.43969741375 0.32815419375 0.4355072125 0.3319483025 0.43634523999999997 0.3386934325 0.4401164275 0.34501696875 0.44472564249999996 0.3483895225
2 0.55157579125 0.32857574874999995 0.5691746575 0.35344836 0.57923114875 0.365252305 0.58551645125 0.36988956375 0.59054468125 0.37115426999999995 0.5951538962499999 0.37157584875 0.59934409875 0.37073270625 0.6018582450000001 0.368203295 0.60227722625 0.36314445749999996 0.60060117125 0.35766405625 0.59557291 0.3483895225 0.5762979887499999 0.3214090625 0.570012685 0.3121345375 0.5645654425 0.30581099375 0.562051295 0.30286001875 0.5599561949999999 0.30117372625 0.55435478625 0.302400935 0.55031875 0.30581099375 0.54654756125 0.30960511749999997 0.5452904875 0.3163502325 0.55157579125 0.32857574874999995
2 0.61107667625 0.348811085 0.61987612625 0.35091893375 0.63915101625 0.35724247624999994 0.658006925 0.3644091625 0.6705775300000001 0.36567386874999996 0.676024805 0.36272287875000003 0.67979596125 0.35808561875 0.6756057599999999 0.35091893375 0.668901475 0.34501696875 0.64459829125 0.332791445 0.63118965875 0.32773260625 0.624904355 0.3268894725 0.6186190525 0.3268894725 0.6106576312499999 0.32731103500000003 0.60255044125 0.32873330375000004 0.5997631437500001 0.33405615 0.60060117125 0.3399581225 0.60479137375 0.3454385325 0.61107667625 0.348811085
2 0.681053035 0.46980158875 0.67895793375 0.48244866000000003 0.6785389525 0.49003689375 0.68231010875 0.49931144375000003 0.6848242550000001 0.50268398 0.68943343875 0.50310554375 0.69488071375 0.50099769625 0.70032798875 0.49214474125 0.7049371725 0.47401728499999995 0.714993695 0.4466152625 0.71876485125 0.43228185875 0.71876485125 0.42680145750000004 0.7179268237499999 0.42385046625 0.7130861262499999 0.42036995125 0.70535621875 0.4221641975 0.6978138425 0.43228185875 0.68608126375 0.45420348 0.681053035 0.46980158875
2 0.44640173 0.53388013625 0.45394410625 0.5524292037499999 0.46106743625 0.56043903125 0.46693372625 0.5629684425 0.47447610249999994 0.56043903125 0.47657120249999996 0.5553801775 0.47489511624999997 0.5439978125 0.469866855 0.52924287625 0.46274352375 0.5123800937499999 0.44682074374999997 0.49045845625 0.44263054250000006 0.487929045 0.43969741375 0.487929045 0.43281792 0.48778081749999996 0.42838388125000004 0.4917231775 0.4275458225 0.498468285 0.43508819875 0.5128016575000001 0.44640173 0.53388013625
2 0.82868598 0.56336421875 0.832038155 0.569687755 0.8425136587500001 0.5793838675 0.86178855 0.59582507125 0.87771133 0.60762901625 0.8839966325 0.60931530125 0.8877677887500001 0.60973686375 0.89195799 0.60636431125 0.89363410875 0.6029917575 0.89070098125 0.59287408125 0.88357758625 0.58191327875 0.86346466875 0.5650504949999999 0.8571793662499999 0.55957008625 0.85257011875 0.55746223875 0.84796087 0.5561975487499999 0.8387424387500001 0.5549328275 0.83371421 0.55366811375 0.83120006375 0.55366811375 0.8278479525 0.55830539625 0.82868598 0.56336421875
2 0.82868598 0.6569526600000001 0.823238705 0.66327620375 0.823238705 0.66749189875 0.82700986125 0.671707595 0.83245713625 0.6742370225000001 0.8425136587500001 0.6738154425 0.85005597125 0.67128603125 0.8575983475 0.6670703362499999 0.86765487 0.66243306125 0.8839966325 0.6569526600000001 0.8886058800000001 0.6548448125 0.89195799 0.65315854375 0.89321506375 0.651050695 0.89405309125 0.6468349999999999 0.895310165 0.6426193037500001 0.90010621875 0.63366214625 0.8948911825 0.628707495 0.87142602625 0.63587418125 0.8462848150000001 0.6468349999999999 0.82868598 0.6569526600000001
2 0.6799337825 0.55156026625 0.6790957550000001 0.55577596125 0.68370497 0.5831779837500001 0.68999027375 0.59624665 0.6958565624999999 0.6046780425 0.702141865 0.60636431125 0.7054940387499999 0.6055211687500001 0.7084271674999999 0.6029917575 0.7101032549999999 0.59961920375 0.7117793425000001 0.59371722375 0.7059130525 0.5561975487499999 0.70172285125 0.5401778925 0.69632242 0.53465243625 0.6904092862500001 0.53427592 0.68831418625 0.5363837674999999 0.68580007125 0.5443935875 0.6799337825 0.55156026625
2 0.72812110375 0.71259986375 0.74152976875 0.7239822287500001 0.74949115875 0.7269332025 0.7549384025000001 0.7239822287500001 0.75577646125 0.7163939637500001 0.75577646125 0.71302142625 0.7499101725 0.7033253137500001 0.73859660875 0.688148815 0.72393090125 0.67212917375 0.7155504975 0.66327620375 0.7117793425000001 0.6599036825 0.709265195 0.657795835 0.7041804075 0.65788792625 0.69878969125 0.6590605075 0.69669459 0.66327620375 0.7038179525 0.6788743137500001 0.72812110375 0.71259986375
2 0.516096895 0.65568798625 0.51567788125 0.66454090875 0.5177729825 0.6708644524999999 0.5228012125 0.67297230125 0.52782947375 0.6704429212499999 0.5374669187500001 0.66243306125 0.5441712675 0.6493644424999999 0.54626636875 0.62912907375 0.550037525 0.61100158625 0.55087558375 0.60172705125 0.55087558375 0.5970897775 0.550037525 0.5941388025 0.54794242375 0.5911878125 0.5458473225 0.5882368225 0.53968654375 0.589423765 0.53285770375 0.59160937625 0.5257343725 0.60678589 0.51986808375 0.63671732375 0.516096895 0.65568798625
2 0.60828133625 0.7104920149999999 0.6174998 0.7206096599999999 0.6237851025 0.72609007625 0.6342606075 0.7222959437500001 0.63384156125 0.7155508374999999 0.62965136 0.7058547249999999 0.6262992175000001 0.6948939212499999 0.6221090149999999 0.6860409675 0.6137286125 0.6805605662499999 0.6007389925 0.66454090875 0.596129745 0.6594820875 0.59152052875 0.65568798625 0.58774934125 0.65400167 0.5848162125 0.65358013875 0.57897648 0.65630798375 0.57559778125 0.6590605075 0.57559778125 0.6649624887500001 0.58607328625 0.6835115399999999 0.60828133625 0.7104920149999999
2 0.6652680762500001 0.7855974575000001 0.6606588600000001 0.79402884875 0.6606588600000001 0.7986661075000001 0.66149692 0.8037249625 0.66149692 0.8096269100000001 0.66149692 0.8155288912499999 0.6665251487499999 0.8180583025 0.673229465 0.8163720499999999 0.6832859562500001 0.8079406575 0.70465598 0.7801170399999999 0.7134553975 0.7653621049999999 0.7155504975 0.7611464250000001 0.7163885575000001 0.75693073 0.7134553975 0.7506071862500001 0.709265195 0.746813085 0.70088479125 0.74807775875 0.6862190850000001 0.7577738562499999 0.6652680762500001 0.7855974575000001
2 0.74404388375 0.81257791625 0.72393090125 0.81974458625 0.71764559875 0.82606813 0.71764559875 0.83197011125 0.7189026725 0.83660737 0.72309287375 0.84082306625 0.72770209 0.84335247625 0.73566348 0.8425093499999999 0.7675090075 0.834921085 0.78217471375 0.8323916737499999 0.79013613625 0.8298622625000001 0.79474532 0.8273328525 0.7968404200000001 0.8155288912499999 0.79348824625 0.8108916325 0.7880410675 0.80836222125 0.7742133237500001 0.80667593625 0.74404388375 0.81257791625
2 0.589006415 0.7299503025 0.59571073125 0.75397973875 0.5986438912500001 0.76620526375 0.6007389925 0.77632294 0.61079545125 0.7855974575000001 0.61666174 0.787705305 0.6237851025 0.7822248875 0.6262992175000001 0.7759013437500001 0.62462313 0.7624111312499999 0.6183378275 0.7366953775 0.6128905525 0.721097315 0.60995742375 0.7160384775 0.607024295 0.71308751875 0.602026575 0.70897272375 0.5990629049999999 0.70845022875 0.59487270375 0.70887179125 0.5902634875 0.7164600412500001 0.589006415 0.7299503025
2 0.5173539525 0.73585225125 0.5177729825 0.75187189125 0.5190300725 0.76198955125 0.5211251575 0.76704839 0.5257343725 0.768734675 0.53160066125 0.7653621049999999 0.5362098774999999 0.75397973875 0.5412381075 0.7400679462499999 0.54249518 0.72531301125 0.54249518 0.71097967125 0.5412381075 0.7021266850000001 0.53956202 0.6953815612500001 0.53495280375 0.69200900875 0.53118161625 0.69200900875 0.5211251575 0.70381295375 0.516515925 0.71772474625 0.5173539525 0.73585225125
2 0.34611629875 0.5832440612500001 0.34485922625 0.59799899625 0.34485922625 0.61233236 0.3482114 0.61865590375 0.35114452874999996 0.6216068862499999 0.35575374375 0.6220284737499999 0.36162003374999996 0.61949903875 0.36622924875 0.6152833425 0.36874336375 0.6064303799999999 0.36874336375 0.5954695775 0.37167652375000004 0.57649894625 0.37419063874999997 0.56595970625 0.37419063874999997 0.5579498825 0.3746096525 0.554577325 0.37335261125 0.55036162875 0.37209553749999996 0.5474106425 0.370838465 0.54614593375 0.36366763375 0.54571203125 0.35994394625 0.5474106425 0.35533473 0.5549988925 0.35030650125 0.5634302875 0.34611629875 0.5832440612500001
2 0.25602695875 0.69622470375 0.25393185875 0.71308751875 0.25393185875 0.72699928 0.25476988625 0.73500910875 0.25686498625 0.7396463675 0.2614742025 0.7409110724999999 0.26524539 0.7409110724999999 0.26985460625 0.73585225125 0.27613990875 0.72236202125 0.27781599625 0.7147737725000001 0.28326327125 0.6941168562500001 0.29038660125 0.67556778875 0.291643675 0.6671363975 0.28665936 0.6615744575 0.28116817 0.6595481475 0.27362579375 0.66376384375 0.2644073625 0.67725407375 0.25602695875 0.69622470375
2 0.34025001000000005 0.85220546375 0.34611629875 0.857264285 0.35114452874999996 0.85937213375 0.35826785875 0.8568427225 0.36706730875 0.8500976162499999 0.3746096525 0.8378720912500001 0.388856345 0.81257791625 0.39346556125 0.79950926625 0.39430362125 0.79402884875 0.39346556125 0.79065628 0.39220852 0.7885484312500001 0.3905324325 0.78686217875 0.3880183175 0.7847543312499999 0.38131396875 0.78433273625 0.37293356625 0.7872837425 0.35952493250000006 0.8104700687499999 0.34025001000000005 0.84166622375 0.34025001000000005 0.85220546375
2 0.14289150875 0.7248914325 0.1558811275 0.73458752875 0.16132837125 0.73585225125 0.16509955875 0.73500910875 0.16761367375 0.73416599875 0.17180387625000001 0.73205815 0.17389897625 0.728263985 0.17473703624999998 0.72320516375 0.16845173375000003 0.71308751875 0.16049034375000001 0.7054992387500001 0.1504338525 0.69791098875 0.1307399175 0.68315605375 0.1227785275 0.67809721625 0.118588325 0.6759893674999999 0.11314106625 0.6759893674999999 0.10769379125 0.67978348375 0.10350358875 0.6835776174999999 0.10601772000000001 0.6924305712500001 0.118588325 0.70465609625 0.14289150875 0.7248914325
2 0.19359294500000002 0.7895237275 0.18437448125 0.78615115875 0.1743180225 0.78615115875 0.16845173375000003 0.78825900625 0.16593761875 0.79205313875 0.16593761875 0.7971119775 0.17347996375000002 0.80470022625 0.190659785 0.81776887625 0.21035375250000002 0.8304159637499999 0.22460044499999998 0.83631794375 0.23004768875 0.8380042287499999 0.23214278875000002 0.8380042287499999 0.23423789 0.8380042287499999 0.23717105125 0.8354748025000001 0.23800907875 0.83336695375 0.23427277875000002 0.8264150925 0.2262765 0.812710055 0.21580099625 0.80554336875 0.20197334875 0.79584727125 0.19359294500000002 0.7895237275
2 0.28577738625 0.91515145875 0.28326327125 0.92400441375 0.282844225 0.9324358049999999 0.28912952875 0.9400240700000001 0.29373877625 0.9421319174999999 0.306728395 0.9332789625 0.3155278125 0.9172593062500001 0.32767940500000003 0.90250437125 0.34150705125 0.8881709987499999 0.342764125 0.88269063 0.34150705125 0.8801611862500001 0.33605980875 0.8751023487499999 0.32726039125 0.87383764375 0.31301369749999997 0.8818474550000001 0.2996050325 0.89744554875 0.28577738625 0.91515145875
2 0.36413414875 0.93370052625 0.3649722075 0.9421319174999999 0.36958142375 0.94634761375 0.3754477125 0.94676917625 0.37963791375 0.94508289125 0.386761245 0.93875934875 0.39304654749999995 0.93074952 0.405617185 0.91304361 0.41064541374999997 0.905455345 0.41232146999999997 0.90123965 0.412740515 0.89702395375 0.4114834425 0.89196513125 0.40505303249999997 0.8859262475 0.39472263375 0.8860631512499999 0.386761245 0.89575924875 0.37335261125 0.9105141999999999 0.36413414875 0.93370052625
2 0.46805116750000003 0.9290632675 0.48648803 0.94719074 0.50031570875 0.9606809850000001 0.5086961125 0.96447508625 0.5158194425 0.9657398075 0.5221047449999999 0.9632103962499999 0.52336181875 0.95899470125 0.5191716175 0.9505633087500001 0.51121025875 0.93960250625 0.502829855 0.9294848299999999 0.49486843375 0.92021028 0.48816414874999997 0.9138867362499999 0.48439292875 0.91009263625 0.47726959874999997 0.90840635125 0.46529760000000003 0.9064654962500001 0.46176586375 0.90798478875 0.46008980875 0.91346517375 0.46260389125 0.9197887174999999 0.46805116750000003 0.9290632675
0 0.19433616374999998 0.57702231875 0.18804589124999999 0.5780485675 0.17971552 0.58010107125 0.17223518625 0.58386399125 0.16628492250000002 0.5881400375 0.1645848475 0.59053462625 0.15608447125 0.593613385 0.15336435375000002 0.5953238012500001 0.15438439625 0.60131026625 0.15523443374999998 0.6062704775000001 0.15472440625 0.6081519412499999 0.15353435875000002 0.6105465237500001 0.15302433000000001 0.6134542375 0.15455440125 0.615335695 0.15591446625 0.61567778 0.16305477750000003 0.6134542375 0.18192561000000002 0.6088361050000001 0.2001164225 0.602507555 0.20946683624999998 0.5989156775 0.21337700125 0.59566588 0.21507707624999997 0.59190296625 0.2162671375 0.58933733875 0.21643714249999998 0.58694274625 0.2166071475 0.5850612912500001 0.21492666624999998 0.583673835 0.21116691124999998 0.58027211375 0.20776676125000001 0.5780485675 0.2016464925 0.57668023375 0.19433616374999998 0.57702231875
1 0.50794494875 0.42802784875 0.508398515 0.43076584250000005 0.507718165 0.4346446725 0.5065842325 0.43738267000000003 0.51043959625 0.45814580499999996 0.5136146125 0.47822444249999996 0.51520211125 0.48438493625 0.51746997625 0.485297605 0.52313964 0.48484127 0.5306236025 0.48050610624999995 0.53402540125 0.47594277875 0.53515933375 0.47137945125 0.5342522012500001 0.45723314875 0.5256343062500001 0.43008134499999995 0.519964625 0.42232369124999997 0.51610926 0.41958569124999995 0.51316102875 0.4182166925 0.51013114 0.4188913575 0.5081717312499999 0.42072652374999997 0.50703779875 0.42255185500000003 0.50703779875 0.42460535374999997 0.50794494875 0.42802784875
1 0.5367468325 0.5332510175 0.5616933537500001 0.5476255050000001 0.57053805 0.5537859900000001 0.5780219775 0.556295825 0.585279175 0.55538315625 0.5882273725 0.5517324975 0.58868097375 0.547853685 0.58754704 0.5430621775 0.58346487625 0.5364453675 0.5739398475 0.5254933675 0.558518355 0.5149977087500001 0.54672546125 0.51157521375 0.539695065 0.51020621875 0.5344789675 0.51020621875 0.5308289912499999 0.5115286050000001 0.5279021712499999 0.5147695462499999 0.5281289375 0.52001737125 0.52994323625 0.5266341987500001 0.5367468325 0.5332510175