2 0.07530843749999999 0.44186655625 0.0840854425 0.45122235125000004 0.08864948125 0.4524218125 0.09216028375 0.44714420250000003 0.09356460875 0.43922774750000004 0.09303798375 0.4286724925 0.08829840624999999 0.416917785 0.07074439875 0.39124933 0.06073861875 0.385012135 0.05635011625 0.38165364250000006 0.052839315 0.381893535 0.05205663125 0.3839578275 0.05020621375 0.3910094325 0.05038175125 0.39868598125 0.05582349125 0.41188004624999996 0.07530843749999999 0.44186655625
2 0.26290147375 0.14633381874999998 0.2641302625 0.16984324125 0.2658856625 0.18639579874999998 0.26886983875 0.200549435 0.27536483 0.20990522125 0.27764684375000004 0.20990522125 0.28221088250000004 0.2065467375 0.28466844625 0.20150899875 0.285897235 0.19503191 0.28537061 0.1676842175 0.281157645 0.129781275 0.27782238125 0.12354407125 0.27729576875 0.12186483125 0.27371431125 0.12143280625 0.27080077750000003 0.12378396374999999 0.26658782625 0.1295413725 0.263954725 0.13505889375000002 0.26290147375 0.14633381874999998
2 0.52123716875 0.06921566999999999 0.51965731875 0.09512401375 0.52211487 0.1152749525 0.5258012212500001 0.126309985 0.5282587725 0.12990836625 0.5344026749999999 0.12918870125 0.5387911774999999 0.12415096125 0.54107320375 0.1066388325 0.542126455 0.0759326475 0.54072212875 0.05722106625 0.5400199525 0.0502641925 0.5380890275 0.045466355 0.5373868512500001 0.04354721625 0.5344364149999999 0.0423156775 0.53018972375 0.044746676250000006 0.52527459625 0.05050409 0.52246594375 0.05674128 0.52123716875 0.06921566999999999
2 0.446457095 0.28122836375 0.45874490125 0.26683483875 0.46962838124999995 0.25172163999999997 0.47682553499999997 0.2394871475 0.4803363375 0.23085102625 0.48138957499999996 0.22245480374999999 0.47910754875 0.220295785 0.47436797124999996 0.21861653375 0.46523987875000006 0.2219750225 0.44593046999999997 0.24572433749999997 0.43732901625 0.262276895 0.43276496375 0.27595073625 0.4303074125 0.28170816875 0.4334834125 0.283562985 0.43662685375000004 0.2857863175 0.43785562874999995 0.28602620625 0.446457095 0.28122836375
2 0.6076408425000001 0.3808963725 0.62010418625 0.36866187875 0.633796305 0.35282899624999997 0.6395891325 0.34419288000000003 0.6430999337500001 0.33939503875 0.64292439625 0.33555676875 0.64152007125 0.33339773625 0.638535895 0.33003924875 0.6341473925 0.32979936000000004 0.628354565 0.33267807125 0.6181732475 0.3389152575 0.61238042 0.34563223375 0.60009261375 0.361705005 0.59149114625 0.379217125 0.591140065 0.383055405 0.5943498275 0.3845572 0.59693289375 0.386653785 0.5990393749999999 0.386653785 0.6076408425000001 0.3808963725
2 0.676803625 0.40368613875000003 0.6847029287499999 0.43247317875 0.6887403562500001 0.4437481 0.6917245325 0.44614702125 0.6978684350000001 0.45478313125 0.70032599875 0.4591011975 0.7029591000000001 0.4552629275 0.70769869125 0.45262409875000004 0.70892746625 0.44806616499999996 0.70892746625 0.43871037 0.7020814 0.41016320875 0.6913734574999999 0.37873734 0.6887403562500001 0.37489907 0.68751158125 0.372979935 0.6849880675 0.37256975625000005 0.68277199125 0.374179395 0.6778568762499999 0.383055405 0.676101475 0.39097184125 0.676803625 0.40368613875000003
2 0.69004743375 0.7732936024999999 0.6821481300000001 0.76993511875 0.6668761212500001 0.7677760875 0.65248184 0.7682558724999999 0.6394918712500001 0.77473296125 0.63352351875 0.785528105 0.63405013125 0.7896062625 0.63598107 0.7927248675 0.6431782237500001 0.7958434624999999 0.6510775275 0.79752270875 0.67495097625 0.7989620574999999 0.68987188375 0.79656313625 0.69478701125 0.79416421625 0.69584023625 0.79104562125 0.69601578625 0.7884068025000001 0.6966196087500001 0.783439395 0.6967179362500001 0.7795308025 0.6942603862500001 0.77689198375 0.69004743375 0.7732936024999999
2 0.339680095 0.49971814625 0.33897793125 0.51866962375 0.34020671375 0.53186368875 0.34389305875 0.53906045125 0.34828156125 0.5400200224999999 0.3512657375 0.54241894375 0.35460100875 0.53738121375 0.3582873475 0.5234674662500001 0.3595161225 0.51171275 0.36039382375 0.47812785750000003 0.35565424625 0.4620550875 0.34933479875 0.457257245 0.34564846000000005 0.45821681750000004 0.34283981500000005 0.4613354125 0.3412599575 0.46685292875 0.3407333325 0.485804425 0.339680095 0.49971814625
2 0.22190338 0.65387925875 0.24279265375 0.6430841062499999 0.2506919575 0.6346878837500001 0.25350059625 0.621973605 0.251745195 0.6152566275 0.24244157875 0.6147768425 0.22190338 0.62557198625 0.20347167124999999 0.6411649712499999 0.19978533250000002 0.6452431574999999 0.19953580124999998 0.65127782625 0.19908317 0.6548388312500001 0.20329613375 0.6574776400000001 0.210493275 0.6574776400000001 0.22190338 0.65387925875
2 0.38572649499999995 0.75997706125 0.3862803825 0.7670417512500001 0.392188455 0.7839465800000001 0.40252760125000003 0.8021129475 0.41249747 0.8091776575 0.41822093125000004 0.8084207175 0.42172884125000004 0.8056453025 0.42209809 0.80034678 0.41969795625000006 0.7915159025 0.40991269750000003 0.7688079375 0.4032661 0.7541739049999999 0.3973580275 0.7448384137499999 0.39495786625 0.7418106775 0.39311159125000006 0.739287565 0.39071142999999997 0.73979218875 0.38875407625 0.7423595075 0.3848033575 0.7425676087499999 0.38351097125 0.7448384137499999 0.38351097125 0.7508938625 0.38572649499999995 0.75997706125
2 0.34677011375 0.81599004125 0.35692462124999996 0.8240639875 0.3763105 0.8349133500000001 0.38535724625 0.8379410799999999 0.38941904375 0.8374364575 0.39292698125000003 0.83213795375 0.39588100249999997 0.8283532925 0.39052681874999995 0.817251595 0.37741826125000005 0.803879125 0.3502780375 0.7882358549999999 0.34436995125000003 0.7894974087500001 0.33975426625 0.7915159025 0.33704946 0.7934219400000001 0.33513857999999996 0.7975713562500001 0.33624635625000004 0.803879125 0.34160054 0.81069151875 0.34677011375 0.81599004125
1 0.27401025125 0.9115583700000001 0.27668971875 0.92123583375 0.28262281875 0.93849833875 0.29027843375 0.9549761775000001 0.29678571000000004 0.9615150025 0.30233603375 0.9630843175 0.30750356875 0.96203810125 0.30960886 0.958376375 0.309226085 0.95262219625 0.30731218125000004 0.94268320375 0.29908238875 0.91862030375 0.2925751275 0.90005004375 0.2885559175 0.8919418937499999 0.28377115750000004 0.8856646275 0.28204865625 0.8846184112500001 0.2789863975 0.8848799712500001 0.2756976675 0.88535124125 0.27401025125 0.88357220625 0.272287735 0.8869723924999999 0.27343608875000003 0.8990038275000001 0.27401025125 0.9115583700000001
1 0.8815070575 0.35191762249999997 0.87651042625 0.3497613025 0.86730611375 0.35263639625000004 0.86125755625 0.3556911875 0.8542885825000001 0.360722615 0.85126430375 0.36629312124999996 0.8481085375 0.3707854625 0.8452157575 0.37168393125 0.83995615 0.37923107 0.838115285 0.38192647625 0.83877273625 0.38390311125 0.83995615 0.38552035125000006 0.8419285025000001 0.38893453499999997 0.8448212825 0.39145024375 0.84981791375 0.3923487125 0.86309843125 0.38623912875 0.88781857125 0.3697073025 0.8909743475 0.36683220499999997 0.8926837237499999 0.36395710125 0.89360415125 0.36144139625 0.89373563 0.360722615 0.89360415125 0.35910537249999996 0.89185492375 0.35818523874999997 0.890448375 0.3555114975 0.88873901875 0.35605058375 0.8871611199999999 0.35640996625 0.8815070575 0.35191762249999997
0 0.91080057875 0.7693379625 0.91546885125 0.77642645375 0.92169321875 0.78375123375 0.92860918625 0.7962742325000001 0.9362167524999999 0.8047804187500001 0.94088503875 0.80785209625 0.94382431875 0.80785209625 0.94607201375 0.80596183375 0.948319695 0.8017087587499999 0.9484925925000001 0.79178485125 0.9446888149999999 0.783514945 0.9362167524999999 0.7691016825 0.9275717937500001 0.75657868375 0.9246325125 0.7544521325 0.90619159875 0.7590784225 0.9068238925 0.7620131925 0.90820709125 0.76484859 0.91080057875 0.7693379625