2 0.09770028124999999 0.51373082375 0.08035843875 0.5149196887499999 0.0674528975 0.5180899462499999 0.057773738750000005 0.52403421375 0.05374075875 0.52799705875 0.05172426875 0.5335450487500001 0.05172426875 0.53750789375 0.05414406625 0.54186701625 0.05858033875 0.54464102625 0.06624300749999999 0.54662244875 0.07874524 0.54543358375 0.09729695875000001 0.5430558825 0.11504206375 0.53948931625 0.12633442 0.53552647125 0.129157495 0.5343376049999999 0.131173985 0.53037476 0.13077069249999998 0.5283933375000001 0.13169957 0.52238722375 0.1335937675 0.518486225 0.1247212225 0.51571224625 0.1110090825 0.513334545 0.09770028124999999 0.51373082375
2 0.19771816125 0.5149196887499999 0.22554573125000002 0.5149196887499999 0.24127436124999999 0.5125419575 0.2465172175 0.5093717 0.248130415 0.50421998875 0.2465172175 0.49906830874999997 0.24167765249999998 0.4927277325 0.23240178625 0.48797233125 0.2178830625 0.4848020425 0.1900554925 0.48559463 0.180779655 0.48757605249999997 0.17473018499999998 0.49074630999999996 0.16749846000000002 0.4961490475 0.16908400624999997 0.50144601 0.170697205 0.50659769 0.1771499675 0.51174940125 0.19771816125 0.5149196887499999
2 0.2001379425 0.44319218499999996 0.19570167125000001 0.45151418374999996 0.19529837874999997 0.4558732775 0.19570167125000001 0.46023241625 0.198524775 0.46300641 0.20336434 0.46459153999999997 0.21304349875 0.46300641 0.24329085125 0.45230672624999996 0.26305246125 0.44081446999999996 0.26708544125 0.4372479175 0.2682953175 0.43328507375 0.266323565 0.42684066000000004 0.26466562875 0.4229816675 0.25700299125000003 0.42100024500000005 0.22715893 0.4297185375 0.2001379425 0.44319218499999996
2 0.09466197875 0.35605758125000003 0.089243515 0.36106858375 0.08095648000000001 0.37735443500000004 0.08382507625 0.37985995875 0.08796860499999999 0.38236546 0.09147465625000001 0.3858105625 0.09816802875000001 0.38549735375 0.1096423875 0.37860719625 0.14055943375 0.35449163499999997 0.14916519625 0.34697506125 0.151077585 0.34259041625000003 0.151077585 0.34008490375 0.14672190000000002 0.33538210874999996 0.14183434374999998 0.33225516874999994 0.13259112625 0.33162878749999997 0.11856690125 0.33914532625 0.09466197875 0.35605758125000003
2 0.29514457374999997 0.39332708875 0.29291345750000003 0.40147003249999996 0.29418841625 0.41023932125 0.2989694 0.41712950249999997 0.30247542625 0.41869544875000003 0.30566274875 0.41869544875000003 0.310762485 0.41650310875 0.320324455 0.40021726999999996 0.33689852375 0.37140384374999996 0.33976709499999996 0.36106858375 0.34040459875 0.35480479625 0.3400858475 0.35261248 0.33753597874999997 0.35167290125 0.33161859875 0.349075965 0.33052387875 0.34634869125 0.326061645 0.3472882575 0.314906015 0.3601290175 0.29514457374999997 0.39332708875
2 0.25625924375 0.25489738 0.2533906475 0.26523263375 0.25307192 0.27368874375 0.25307192 0.27901297125 0.25179698625 0.28308443125 0.2533906475 0.28558994375 0.2575341775 0.28558994375 0.261996435 0.28809545625 0.2658212125 0.2890350225 0.27219585875 0.28558994375 0.27984546250000003 0.2761942625 0.289726135 0.2527050575 0.2976944425 0.2332873125 0.2983318975 0.227336715 0.2976944425 0.22389163125 0.29546332625 0.22044654875 0.29386966375 0.21919379 0.28818381375 0.21839744875 0.28016416625 0.22013336500000003 0.27219585875 0.22639715 0.26486503 0.23767196875 0.25625924375 0.25489738
2 0.43105170875 0.26901147375 0.43551394125000004 0.26587958 0.4406136775 0.26306087125 0.45081310125 0.25491795125 0.4613312775 0.23800571874999998 0.46834337750000005 0.21984073625 0.4677059225 0.20856592875000002 0.46419984875 0.20449445749999998 0.45750647499999997 0.20292850999999998 0.45145055624999997 0.206060405 0.4460321175 0.2123241925 0.43455775875 0.2304891875 0.41989607874999996 0.25648389875 0.41925859875 0.26180812 0.42053353375 0.26525319875000003 0.42340212875 0.26681914625 0.425633245 0.27026422499999997 0.42658945125000003 0.27214336875 0.43105170875 0.26901147375
2 0.52220914 0.36891889624999996 0.52571519125 0.3786277625 0.53177111 0.38144647249999997 0.5355958875 0.38238602625 0.540058145 0.38082007875 0.54515785625 0.371737605 0.5505762962499999 0.36014958375 0.55503857625 0.32507236874999995 0.55503857625 0.3125447925 0.5515325025 0.306281005 0.54802647625 0.302209545 0.5454766074999999 0.29907765125 0.54002587 0.2966480575 0.53272729125 0.30033041375 0.52603391875 0.31379757875 0.52093420625 0.34793519250000005 0.52220914 0.36891889624999996
2 0.61814758125 0.37409493875000005 0.63121557625 0.38098509625 0.66181389625 0.38975440874999995 0.67456318875 0.38975440874999995 0.683806405 0.38881483125000005 0.6901810512500001 0.38568293750000004 0.69559949 0.38067191125 0.69559949 0.37597407125 0.69432458125 0.37315536125000004 0.6904998025000001 0.36908390124999996 0.6857188187500001 0.36563882375 0.6764755524999999 0.36313331 0.6439648674999999 0.35874865375 0.6277095500000001 0.35718270750000003 0.6206974012500001 0.36000141625 0.618925755 0.36433483375000003 0.61400405125 0.36939709875 0.6155977137499999 0.37096304500000005 0.61814758125 0.37409493875000005
2 0.62252980625 0.534580655 0.64930329875 0.54710823125 0.6588652687500001 0.550240125 0.66619612125 0.550240125 0.67065835375 0.54679504625 0.6712958087500001 0.53771254875 0.66747103 0.5301960225 0.659821475 0.52330584125 0.63496034625 0.50889913375 0.6199799375 0.50169576875 0.60691189375 0.49981663625000006 0.60404332375 0.50012982125 0.59979851 0.5028384100000001 0.5976686775000001 0.50795955625 0.5983061325 0.513596975 0.602768365 0.5211135250000001 0.62252980625 0.534580655
2 0.40616221875 0.42277205 0.43229825750000006 0.44438211125000004 0.44919107875000003 0.4562833175 0.4606654125 0.46160752875 0.46512769374999996 0.46317347499999995 0.46958992625 0.462860315 0.47309600125 0.4562833175 0.47213979500000003 0.44532168875000006 0.46608385249999995 0.434673245 0.44727866624999996 0.41964015625 0.43771669750000003 0.41400275000000003 0.4281547275 0.40836533125 0.41923021374999997 0.40648619875 0.41572418874999995 0.40554663375 0.4113154525 0.40463389624999996 0.4071183775 0.40648619875 0.40424980625 0.40961809375 0.40361235125 0.41462911875 0.40616221875 0.42277205
2 0.40456855750000004 0.5139657925000001 0.40424980625 0.5217955275 0.4023373925 0.54027370625 0.40393105375 0.55468041375 0.4052060125 0.56219696375 0.40775588125 0.56658162 0.41253686500000003 0.56783435875 0.42305499249999995 0.56438928 0.4281547275 0.5584386775 0.43325446375 0.53870776 0.43516682875 0.508954755 0.4335731675 0.49705356125 0.43070459624999996 0.49110296875000004 0.42911093499999997 0.4895370225 0.42401119875 0.48828426 0.415086685 0.49016339125 0.40903079 0.49674037624999995 0.40552471625000003 0.5067624387499999 0.40456855750000004 0.5139657925000001
2 0.28854997250000003 0.44976196625 0.284087715 0.46667418625 0.28313153375 0.48483918125000003 0.2844064675 0.49767996625 0.28631885625 0.50331734875 0.29428716375 0.50300416375 0.30066181000000003 0.50081186 0.3079926375 0.49360848249999995 0.31309237375 0.4788885775 0.31914826875 0.45289386 0.32137940875 0.4388003375 0.32137940875 0.43159699 0.3197857475 0.42940465000000005 0.3164761975 0.42615281375 0.3079926375 0.42595957125 0.29747448625 0.4312837875 0.29237477500000003 0.43848714125 0.28854997250000003 0.44976196625
2 0.3503840425 0.5737849625 0.3593085575 0.5841202225 0.36345206249999995 0.5888180625 0.36887052625000005 0.5894444325 0.37333275875 0.5875653 0.3746076925 0.582554275 0.3739702375 0.5725321999999999 0.3717390975 0.558751885 0.36568320249999997 0.54058689125 0.35325263874999996 0.5217955275 0.34687799249999995 0.5170976862500001 0.3433719425 0.5161581212499999 0.33879131625 0.5157497612499999 0.33380997375 0.520542765 0.33062264999999996 0.5299384475 0.33572236250000004 0.5462243099999999 0.3503840425 0.5737849625
2 0.16636076125 0.60321028125 0.154248925 0.6107268312499999 0.1532927425 0.61573785625 0.157754975 0.62262802625 0.16859187875 0.629518195 0.18548469999999997 0.6298313799999999 0.21289569625 0.62450716875 0.22564498875000003 0.6204356975 0.23329454375 0.61573785625 0.240306645 0.61104001625 0.2409441 0.60696855625 0.23839428000000001 0.602270715 0.23265708875000002 0.5969464925 0.21895159 0.59350141375 0.19026568375 0.5969464925 0.16636076125 0.60321028125
2 0.26766351374999997 0.669879435 0.2772254825 0.6683134875000001 0.3068675725 0.6526540237499999 0.3247166 0.6404396275 0.3291788325 0.63480222 0.33013504 0.63010437875 0.3291788325 0.6279120512499999 0.32631026124999996 0.6257197225 0.32344164124999997 0.6229010312500001 0.31866068125 0.621335085 0.31101110125000003 0.621335085 0.30272406625 0.6229010312500001 0.2909309575 0.6279120512499999 0.2749943425 0.63699455375 0.2584202725 0.6488957375 0.25236435375 0.65609909625 0.25172689875 0.6604837525 0.2549142225 0.6629892662499999 0.25714533875 0.66643434375 0.2612888675 0.6695662387500001 0.26766351374999997 0.669879435
2 0.10351636875 0.7675945287499999 0.13060862625 0.7657153975 0.1647129725 0.7575724537499999 0.16917522999999998 0.75350099375 0.169812685 0.7478635875 0.16598790624999998 0.74159979875 0.15801959875 0.73784152375 0.1452703075 0.73658877375 0.13092735375 0.73784152375 0.11594693375000001 0.7400338525 0.1067036925 0.74222620375 0.09873538500000001 0.7456712587500001 0.09522933374999999 0.7475504024999999 0.0905356175 0.75050158625 0.09044835000000001 0.7553801375 0.09172327250000001 0.7600779787499999 0.0955480625 0.76414945 0.10351636875 0.7675945287499999
2 0.22973436625000002 0.76477581875 0.228140705 0.7735451325 0.22941563875 0.77980892 0.2319654825 0.7816880512500001 0.23706519375 0.78106165875 0.24630843625 0.777303395 0.25363928874999997 0.7704132375 0.26766351374999997 0.7397206675 0.2708508375 0.72092930375 0.26989463 0.714039135 0.26957590249999996 0.70965447875 0.26893842375 0.7074621625 0.2667073075 0.7071489662499999 0.26068840000000004 0.70707249875 0.25714533875 0.706522585 0.250451965 0.71028086 0.2396150625 0.73596241625 0.22973436625000002 0.76477581875
2 0.31929813625000003 0.75851203125 0.31547335875000004 0.7632098725 0.31515460624999997 0.7694736600000001 0.31738574750000004 0.77291873875 0.3221667325 0.77511107875 0.3285413775 0.77479787 0.33842209875 0.771979185 0.3562710775 0.76195711 0.3763512225 0.74629764 0.38176966125 0.73752836375 0.38527573625 0.73063817 0.38750685249999994 0.7275062762500001 0.38750685249999994 0.7250007875 0.38342155375 0.72272262 0.37985729749999997 0.7203029462499999 0.368382915 0.7218688937500001 0.33427856875000006 0.7441053125 0.31929813625000003 0.75851203125
2 0.47686499750000005 0.6288516175000001 0.4928016125 0.626972485 0.51861892375 0.62039550625 0.53487429125 0.61601085 0.53933652375 0.61381852875 0.5425238462499999 0.61037344375 0.54284259875 0.60692835875 0.5425238462499999 0.603796465 0.539655275 0.5997250025 0.53583044875 0.59659311125 0.5288183475 0.59283483625 0.5224437025 0.59252164875 0.5119255512499999 0.59377441125 0.49535145625 0.5984722525 0.47590879125 0.6053624125 0.4634782275 0.61193939125 0.45965344874999997 0.6166372437500001 0.46112598624999995 0.621779335 0.46475316125 0.6260329250000001 0.46794048375 0.6279120512499999 0.47686499750000005 0.6288516175000001
2 0.41917443249999997 0.714039135 0.41311853875 0.721555685 0.41088739875 0.7262535262500001 0.40993121625 0.72907222375 0.40993121625 0.7318909325 0.41248106 0.73439647 0.41853697875 0.73533601125 0.4233179625 0.73439647 0.4338361375 0.72969862875 0.44467301625 0.7218688937500001 0.46475316125 0.70307750625 0.47144653499999994 0.6933686400000001 0.47559006375 0.6852257075 0.47622751874999997 0.68178063 0.47686499750000005 0.678648735 0.47017159999999997 0.67708278875 0.46284077250000005 0.6761432225 0.44722288499999996 0.68365976125 0.43224247624999995 0.69869285 0.41917443249999997 0.714039135
2 0.5796805525 0.67739597375 0.58541772 0.6852257075 0.59115491125 0.6871048512500001 0.5962546224999999 0.68647847 0.6010356075 0.6855389049999999 0.6029479962500001 0.67896192 0.6016730625000001 0.667060725 0.59752955625 0.65766504375 0.5879675875 0.63073076625 0.58350533125 0.62258782875 0.57840561875 0.6191427500000001 0.57362463375 0.61632404125 0.5691623775 0.6153844749999999 0.5650188475 0.61475809375 0.56023786375 0.6185163687499999 0.56119407 0.626659295 0.56884365 0.65328039375 0.5796805525 0.67739597375
2 0.65139532 0.6492089274999999 0.6526702287499999 0.6726981325 0.65649503125 0.6839729575 0.6590448999999999 0.6883576025000001 0.66382588375 0.6892971674999999 0.6695630749999999 0.6880444175 0.67625642375 0.6830333799999999 0.68167486375 0.6742640787499999 0.68263107 0.6485825525 0.68135616 0.62634610375 0.6791250437499999 0.6172636125 0.6775313825000001 0.6116262 0.67657517625 0.60849430625 0.674981515 0.60692835875 0.67152567875 0.60691172 0.6622322225 0.60849430625 0.65649503125 0.61475809375 0.6523515012500001 0.63041756375 0.65139532 0.6492089274999999
2 0.7772956550000001 0.766813425 0.77633949625 0.7787146199999999 0.77506453875 0.7971927987499999 0.7776144062500001 0.8191160562500001 0.77952682 0.8285117387500001 0.78175793625 0.83101725125 0.7881325825000001 0.830077685 0.79386977375 0.8247534625 0.7986507575 0.81567096625 0.80311299 0.79312133875 0.80343174125 0.76368153125 0.8024755349999999 0.7552254150000001 0.7999256674999999 0.751153955 0.79465731625 0.74971908 0.78781383 0.75146714625 0.78367030125 0.75459904 0.7801642750000001 0.75992325625 0.7772956550000001 0.766813425
2 0.5987931675 0.8025170199999999 0.594330935 0.806901665 0.5860439000000001 0.82068200375 0.5777568412499999 0.83320957875 0.57233840125 0.83916017 0.56978853375 0.846676745 0.56946980625 0.8529405325 0.571382195 0.85763837375 0.5758444512500001 0.8598306775000001 0.57998798125 0.8598306775000001 0.58827501625 0.8563855875 0.59974937375 0.8432316425 0.61727965 0.8169237275000001 0.62269809 0.8037697712499999 0.6233355925 0.79938512625 0.62429175125 0.79312133875 0.62397304875 0.7912421949999999 0.6205196924999999 0.7880618787500001 0.6182358575 0.78685755125 0.6147297825 0.78685755125 0.60708022625 0.7953136550000001 0.5987931675 0.8025170199999999
2 0.6325788099999999 0.90789356 0.62397304875 0.91760242625 0.6175984025000001 0.9219870824999999 0.610905005 0.930756395 0.605486565 0.938899315 0.60357415125 0.94328397125 0.60261799375 0.947042235 0.6058053175 0.94829499625 0.6093113425 0.949234575 0.6112237562499999 0.95142689125 0.61441107875 0.9529928375 0.61982951875 0.9526796525000001 0.62779782625 0.94954775875 0.6488341775 0.9348278437499999 0.67210159625 0.91321779375 0.67688258 0.9066407975 0.67720133125 0.9022561775 0.6733765537499999 0.8975583362499999 0.66285837875 0.89411323375 0.65361516125 0.89567918125 0.64214077875 0.9022561775 0.6325788099999999 0.90789356
2 0.392389365 0.82763807625 0.39493920875 0.83797332375 0.4003576725 0.84298436125 0.40322624375 0.84455030875 0.42107527125 0.8285776425 0.43254962999999996 0.8104126599999999 0.43860554749999997 0.79068173 0.43956173 0.78410476375 0.438924275 0.7790937200000001 0.43701188625 0.77596182625 0.43478074624999996 0.77345631375 0.42999976125000006 0.7700112400000001 0.4239438425 0.7700112400000001 0.4169317425 0.774082695 0.4038637225 0.79819828625 0.392389365 0.82763807625
2 0.49310876625 0.88338578625 0.5049018512500001 0.893094665 0.52083846625 0.904682675 0.5370938325 0.91282560625 0.5476120075 0.9140783450000001 0.55653647375 0.9125123975 0.55940509375 0.9078145562500001 0.5603613 0.90155078125 0.55526156375 0.89372104625 0.545699595 0.8852649300000001 0.5195635562500001 0.86741315625 0.5058580575 0.8595833974999999 0.5001208662500001 0.857704265 0.49310876625 0.857704265 0.49119635250000004 0.8595833974999999 0.4874259475 0.863573715 0.4835467975 0.8655339999999999 0.48386554875000004 0.8683526975 0.48545921 0.8724241575 0.49310876625 0.88338578625
2 0.39252708374999995 0.95907805375 0.38933976000000003 0.96878694375 0.3902959675 0.9775562325 0.39252708374999995 0.9819408887500001 0.3947582 0.9844464137500001 0.39794552250000004 0.9850727825 0.40304525875 0.98382002 0.41292597999999997 0.97473752375 0.424719065 0.9615835787499999 0.44256804375000003 0.94091307125 0.44766778 0.93402291375 0.4486239875 0.9286986912499999 0.44766778 0.9240008512500001 0.44384300250000003 0.9180502475 0.43842456375 0.9174238662499999 0.42312540374999996 0.9258799825 0.40240780375 0.94592410875 0.39252708374999995 0.95907805375
2 0.3313304925 0.9240008512500001 0.32878062375 0.9349624799999999 0.32941807875 0.9415394525 0.33164924375 0.9493691875 0.335792725 0.95594616 0.3412112125 0.95907805375 0.34535469375 0.95907805375 0.34917952 0.9565725525000001 0.35332300125000005 0.950308765 0.36033515125 0.92462723125 0.36607229375000006 0.89644018625 0.36575358999999996 0.88892363625 0.36479738375 0.88391261 0.3632037225 0.8810939012500001 0.36033515125 0.8779620075 0.35473068625000004 0.8760938125 0.35077318124999995 0.8773356262500001 0.34471723875000004 0.8810939012500001 0.33611147625 0.90051164625 0.3313304925 0.9240008512500001
2 0.10773192749999999 0.8560387500000001 0.10326967 0.86073659 0.10231348750000001 0.86574761625 0.10231348750000001 0.8701322725 0.10454460375 0.8729509812499999 0.10868813375 0.8748301137500001 0.11856883 0.8742037324999999 0.1271745925 0.8738905475 0.13864895 0.8701322725 0.16797233625 0.85666513 0.17625937125 0.848209015 0.17785303249999998 0.8431979887500001 0.17849048750000002 0.83912652375 0.17817176 0.83568143875 0.17657809875000002 0.8331759200000001 0.17102944 0.82953470125 0.16319135124999998 0.82941765125 0.13546162750000001 0.84037928 0.11729389625 0.8491485799999999 0.10773192749999999 0.8560387500000001