2 0.2732964975 0.34572852625000006 0.2732964975 0.3596114625 0.2758539625 0.369924515 0.2798728775 0.37706431125 0.282064995 0.37825427500000003 0.28754530125 0.37746096125 0.2933909575 0.37587434875 0.29777519125 0.37071782875 0.305447645 0.34414189875 0.30946653125 0.3239124725 0.30800511 0.31558270499999996 0.3058129925 0.31121950875 0.30435157125 0.30844290874999997 0.30019005249999997 0.30633258 0.29046811625 0.30883955875 0.28498780875 0.31161615000000004 0.27804610875 0.3223258525 0.2732964975 0.34572852625000006
2 0.15309508624999998 0.46750176875 0.154921855 0.47940143375 0.16917065999999997 0.5143071324999999 0.178304505 0.5254134687500001 0.18305411625 0.52620679875 0.18743835125 0.5254134687500001 0.191822585 0.5206536150000001 0.195110775 0.5111338762500001 0.19255331 0.49447435624999997 0.18415016125 0.47622822374999996 0.1779391575 0.4635352125 0.16917065999999997 0.4563954475 0.16361545125 0.45350303625000005 0.1604021625 0.4559987675 0.156748625 0.4595686575 0.15419115875 0.46313856375 0.15309508624999998 0.46750176875
2 0.39605537375 0.36238805375 0.39678607 0.37587434875 0.39861283999999997 0.38103086750000004 0.40372782625 0.38341079375 0.41066952624999997 0.38341079375 0.41578451375000003 0.3802375525 0.425649055 0.36476799625 0.4355135975 0.3409686725 0.43843643875 0.33025896250000003 0.43807106249999994 0.3239124725 0.43587897374999995 0.320342575 0.43405220375 0.3175659825 0.43186005875 0.31478939125 0.4271724575 0.3147564775 0.4201687475 0.31677266875 0.41030420624999997 0.32470577874999995 0.39897821624999996 0.34890178374999997 0.39605537375 0.36238805375
2 0.4738757475 0.3929305325 0.4804521275 0.40046699375000006 0.50310405375 0.41474658624999994 0.5107765049999999 0.41950645625 0.5162568125 0.4226796975 0.52539065875 0.42386966125000003 0.53050558875 0.42069642 0.533063055 0.41553989999999996 0.5348898237499999 0.41315995875 0.5341591274999999 0.4095900675 0.532697735 0.40483019875 0.5221024400000001 0.39491381 0.506026895 0.38261749500000003 0.49177806250000006 0.37389107000000005 0.48885527625 0.37349440625 0.48483636250000006 0.37428772000000005 0.47970115125 0.37620138249999996 0.47497182000000004 0.3802375525 0.4738757475 0.38460077249999997 0.47351037124999995 0.38817066375000003 0.4738757475 0.3929305325
2 0.3470979575 0.53374325875 0.37815303125 0.53175998125 0.39386328499999995 0.52739674625 0.40080498499999995 0.5222402425 0.40409314625 0.51510043125 0.40043960875 0.50875394875 0.39715144625 0.503597415 0.39057506625000005 0.49923420999999996 0.37778768375 0.49923420999999996 0.35696252625 0.50280411625 0.34673260874999995 0.50716732125 0.3383294875 0.51351380375 0.332483805 0.5186703375 0.332483805 0.52184359375 0.333991125 0.525849455 0.3361373425 0.53175998125 0.33906018375 0.53374325875 0.3470979575 0.53374325875
2 0.44355137 0.52936419375 0.44428206625 0.54205718875 0.44720490875 0.5464203937500001 0.4490316775 0.5503869487499999 0.45158914250000004 0.553163525 0.45743482625 0.5519735775 0.46437652625 0.5472136925000001 0.47095290624999997 0.53848728375 0.47460644375 0.52341436125 0.47533714125000004 0.5015983075 0.47533714125000004 0.49326854750000004 0.47131828249999996 0.48414550375 0.46876081625 0.47978226874999996 0.46766474375 0.4770056775 0.465837975 0.47502239875 0.46005998750000004 0.47579168000000005 0.45305059125 0.47819567125 0.44720490875 0.48771537875 0.44355137 0.50913476875 0.44355137 0.52936419375
2 0.598405145 0.56227297375 0.6112192550000001 0.59009687125 0.61842717875 0.598212185 0.62189767375 0.5985020125 0.6240333650000001 0.5985020125 0.6275038387499999 0.5967630225 0.633110005 0.58835788125 0.6357796087500001 0.58140190125 0.63391089375 0.5718374374999999 0.6264359925 0.55038986 0.61869415625 0.537347405 0.61415581625 0.53328974375 0.602943485 0.52517444125 0.59916284625 0.52689024625 0.59440073875 0.53068125375 0.59173113375 0.5364779 0.59173113375 0.54227454625 0.598405145 0.56227297375
2 0.7425009124999999 0.617341135 0.7350260525 0.632122555 0.7339581862500001 0.64226668625 0.7339581862500001 0.650382 0.7350260525 0.6550193237499999 0.7374286800000001 0.6558888075 0.7414330875 0.656178635 0.7459714074999999 0.65733796875 0.75398022 0.65183116125 0.7726674525 0.6263259099999999 0.783078935 0.60690715375 0.78334587 0.59966134625 0.783078935 0.59618335625 0.7812101787500001 0.5941545275 0.77960844 0.59241553875 0.7780066612500001 0.5906765374999999 0.77238339 0.5902532149999999 0.76652735375 0.59038671 0.7614551212499999 0.5915460325 0.7531793312499999 0.6008206687500001 0.7425009124999999 0.617341135
2 0.8648651562499999 0.43967952250000003 0.8712722112500001 0.45127281500000005 0.88381934375 0.46315594625 0.89663345375 0.4730102375 0.90517618 0.47503906625 0.91451979625 0.47214074250000004 0.919859005 0.46750343 0.92226167375 0.461706785 0.92092687125 0.45648979375000004 0.9155876625 0.44750499750000006 0.9041083550000001 0.43707103875000003 0.88835766375 0.42605740750000004 0.88008189375 0.42113026750000004 0.8755435737499999 0.42026076125 0.8707382775000001 0.41939126125000004 0.8688695625 0.419681105 0.8648344312499999 0.42333705 0.8624625075 0.4251879075 0.8613946625 0.42663706875 0.86086074875 0.43040488625 0.8648651562499999 0.43967952250000003
2 0.46130514499999997 0.58251452 0.44635536375 0.5903399925 0.43007077000000005 0.60512143875 0.42019324124999996 0.61787406375 0.41779059250000006 0.62309104375 0.4185914725 0.62946735125 0.41939235125 0.6370029925 0.422862845 0.64077081 0.42766813124999997 0.64135047625 0.43354125375 0.6396114875 0.43914744 0.6378724925 0.45196152875 0.62772836125 0.4645086825 0.61555541375 0.47118269375 0.60686044375 0.47385229875 0.6016434537500001 0.47705581625 0.5958468075 0.47705581625 0.5923688175 0.4746531675 0.58628233875 0.47278445249999995 0.583094185 0.47118269375 0.581355195 0.46878004625 0.58019586125 0.46130514499999997 0.58251452
2 0.53178270875 0.6471471225000001 0.51843468625 0.65816074875 0.5104258724999999 0.66453706125 0.50615450875 0.6694642125 0.50535362 0.6732320300000001 0.50428577375 0.67613035375 0.50535362 0.6822168387499999 0.50829018125 0.6865643225 0.5125615637500001 0.6885931399999999 0.515498125 0.6891728075 0.51896859875 0.68946264625 0.524574785 0.6865643225 0.549402095 0.6732320300000001 0.565152765 0.65816074875 0.5672884575 0.65265394125 0.5672884575 0.6497556175 0.5654532600000001 0.6423918875 0.56248316125 0.6387419925 0.5526056324999999 0.63845215375 0.54299504 0.64019115375 0.53178270875 0.6471471225000001
2 0.59772193375 0.734096815 0.5819712825 0.74540027875 0.5787677450000001 0.7497477637500001 0.5782338325 0.752935915 0.57796687625 0.7567037437499999 0.57796687625 0.7596020662499999 0.57983559125 0.7622105612500001 0.5849078437499999 0.76626819625 0.5929166575 0.76945637 0.59959066875 0.76945637 0.607332505 0.7671377024999999 0.62868934125 0.7558342374999999 0.63723210875 0.74684944125 0.6431052312500001 0.7372849662500001 0.64470696875 0.7346764924999999 0.64550785875 0.73148832 0.64363914375 0.72974933 0.6415501462500001 0.726755155 0.63910082375 0.72366285625 0.6337616150000001 0.72192385625 0.628422405 0.72192385625 0.59772193375 0.734096815
2 0.7063083 0.77230537125 0.68708711375 0.7705663812500001 0.6740060687499999 0.77317486625 0.66626423125 0.778391845 0.6643954762500001 0.7853478475 0.6646624525 0.7931733 0.6683998825 0.797230945 0.6748069575 0.80128862375 0.6926933 0.8041869475 0.71618582875 0.8038970974999999 0.72366072875 0.80215809625 0.7279320724999999 0.7981004512500001 0.7293285724999999 0.791928495 0.7298007875 0.7867970087499999 0.7231267750000001 0.78042067375 0.7143171137500001 0.77520369375 0.7063083 0.77230537125
2 0.5803029525 0.88083329875 0.58644303125 0.8799637925 0.611003385 0.87648581375 0.6243514075000001 0.8692400062500001 0.6288897675 0.8611246925 0.63102541875 0.855907725 0.6307584825 0.8509805625 0.62862279125 0.84808223875 0.62461838375 0.84547376625 0.6080668437500001 0.8422855925 0.5805699087499999 0.8475025825 0.5674888425 0.85300940125 0.56134874375 0.859095875 0.5604468862499999 0.8639812425 0.560547875 0.8689501787499999 0.5610817875 0.8724281575 0.5637513925 0.8759061575 0.5803029525 0.88083329875
2 0.30884233875 0.6395106925 0.31711810875 0.6508141575 0.33473749499999994 0.6655956012500001 0.34408110999999997 0.67110241375 0.3582300225 0.67429057 0.36303531874999995 0.6731312524999999 0.36597188 0.6673346062500001 0.36677274875000004 0.66095828875 0.36410314499999996 0.65226331875 0.34514895625 0.63458355 0.33126702125 0.62356991625 0.3232582075 0.61922243125 0.317385065 0.6169037749999999 0.31391459125 0.61661394125 0.31046194 0.6170467 0.30617273375 0.62183092375 0.30483793124999997 0.62646823875 0.30563882124999997 0.632264885 0.30884233875 0.6395106925
2 0.34701769125 0.7632691125 0.3673066825 0.77689121125 0.38385822249999996 0.7852963525 0.39293488125000003 0.7881946750000001 0.39827409125 0.7870353412500001 0.40281241 0.78471667375 0.40441419 0.78007936125 0.4036133 0.7737030487500001 0.40147760750000006 0.7676165975000001 0.397206245 0.7603707887500001 0.38252342 0.7487774975000001 0.37131108875 0.7418214949999999 0.36677274875000004 0.7400825050000001 0.3600987375 0.7397926775000001 0.34942031999999995 0.7400825050000001 0.34274630875 0.7418214949999999 0.3408775925 0.7487774975000001 0.34114455 0.7534147874999999 0.34301328499999995 0.75805211125 0.34701769125 0.7632691125
2 0.25438240125 0.75080630375 0.2471744675 0.7626894237499999 0.24423790625 0.7722538874999999 0.2415683025 0.78239802875 0.24183525875 0.78877433125 0.24397095 0.79138282625 0.24690751125 0.7939913212499999 0.24984407250000001 0.7945709775 0.2535815225 0.79370149375 0.263192095 0.78616583625 0.28161238 0.7635589174999999 0.28775245875 0.7534147874999999 0.29042206375 0.74587917375 0.29068902 0.7397926775000001 0.29042206375 0.736894355 0.28775245875 0.73428586 0.28376127749999996 0.7329104150000001 0.2765401275 0.73312652625 0.2720017875 0.73399603125 0.26425993999999997 0.73776385 0.25438240125 0.75080630375
2 0.46095684499999995 0.80763031125 0.46309253624999996 0.8160354412499999 0.47136830625000004 0.8313965625 0.48017801 0.84443901625 0.48685202125000004 0.85255431875 0.49699650624999997 0.85690180375 0.49966611125 0.85661196375 0.50260267125 0.8548729975 0.50527227625 0.8508153187499999 0.50607316625 0.84733733875 0.5063401224999999 0.84212034875 0.5055392525 0.8357440475 0.49192425375 0.80676081625 0.48391544000000003 0.7913996950000001 0.48017801 0.786472555 0.47724142875 0.784733555 0.47457182375 0.7841538875 0.46933087749999997 0.78541116125 0.464694295 0.78879121125 0.46149077749999995 0.79429801875 0.46015597625 0.8003845037499999 0.46095684499999995 0.80763031125
2 0.40703084124999994 0.8244405825 0.39501762125 0.8235710875 0.38780967625 0.82328124875 0.38086870875 0.8279185725000001 0.3779321475 0.8296575625 0.37899999375 0.8363237025 0.38193655374999996 0.84443901625 0.38941145499999996 0.8528441462499999 0.39768722500000003 0.85719163125 0.42304846875 0.862118805 0.43773129375000003 0.86153911625 0.44547315125 0.8595102875 0.448943625 0.8577713199999999 0.45054538375 0.85545264125 0.45027842625 0.853423835 0.448943625 0.85197467375 0.45030665625 0.8476879074999999 0.448142755 0.8395118650000001 0.43506168875 0.83284572375 0.42117973375 0.8279185725000001 0.40703084124999994 0.8244405825
2 0.405962995 0.9295917462500001 0.4110352475 0.95538682625 0.41770925875000003 0.96437162375 0.42438327125 0.9684292800000001 0.4275867875 0.9695886137499999 0.43212512750000004 0.9695886137499999 0.436129535 0.9649513125 0.43879914 0.9582851499999999 0.43853216250000004 0.943503695 0.43452775625 0.91770862625 0.43185815125 0.9072746574999999 0.42892159 0.9011881825 0.4257180725 0.89828986 0.4227815125 0.89655087 0.4201119075 0.89655087 0.41459452124999996 0.8965679125 0.41237005000000004 0.8977101925 0.40756475375 0.90785432375 0.40569603875 0.91712896 0.405962995 0.9295917462500001
1 0.40848109 0.689063995 0.40570301999999997 0.6955988525 0.39852630499999997 0.7214869525000001 0.39829480125000005 0.7358133812500001 0.40176739875 0.7458670137500001 0.40755505999999997 0.75089383 0.41311122 0.7516478499999999 0.419130385 0.74611836 0.42491804625 0.7338026762500001 0.42746461375 0.72852450375 0.430474205 0.70464712625 0.42746461375 0.6873046075000001 0.42514954875 0.68127242375 0.422834485 0.67775365875 0.42121394625 0.6754915875 0.41799933375000003 0.67494956375 0.41519478125 0.67524025 0.4119536875 0.6785076787500001 0.409870125 0.683534495 0.40848109 0.689063995