2 0.32067788375 0.42722318625 0.33421395625 0.43146754375 0.34395990374999996 0.43223923 0.34775002875 0.42722318625 0.34775002875 0.41641941250000003 0.34450133875 0.40793072625 0.3287995275 0.3971269525 0.30822468000000003 0.3886382675 0.30118590624999997 0.38555147624999997 0.2903570475 0.38362223 0.28308821125 0.38619728375 0.27844532 0.391339215 0.278986755 0.39905619875 0.29143995875 0.40985997249999995 0.32067788375 0.42722318625
2 0.51289011625 0.37822034375 0.50801712125 0.382078835 0.5150558537500001 0.39018167 0.52263606375 0.39404016124999997 0.53021631375 0.39519770625 0.54429378 0.39442600499999997 0.55999567375 0.391725065 0.57623896 0.3890241325 0.58869208125 0.38362223 0.59302364125 0.3793778875 0.5924409575 0.37125455375 0.58977503375 0.36741656125 0.57732183 0.3643297675 0.53508926625 0.37088920625 0.51289011625 0.37822034375
2 0.38998255125 0.5398911825 0.40514296875 0.55841191125 0.4132646125 0.56805814125 0.42138625625000004 0.5707591037499999 0.427883555 0.5703732312500001 0.43546376375 0.56960154375 0.4381709775 0.56497136625 0.4381709775 0.5587977550000001 0.43221511375 0.54413548875 0.42625925125 0.5337175725000001 0.41759613125 0.52484302875 0.4094744875 0.5186694775 0.40406005875 0.51674023125 0.397487805 0.5148975775 0.38835824750000003 0.51674023125 0.38077803875 0.5205987237499999 0.38186090749999996 0.52908737875 0.38998255125 0.5398911825
2 0.22321815999999997 0.61693027625 0.24108575125 0.62271801375 0.26166059875 0.628891595 0.2681578975 0.6296632812499999 0.276820975 0.62850575125 0.28169397 0.6250331025 0.285484095 0.6231038575 0.27844532 0.61384347 0.26382637875 0.603039725 0.23675423375000001 0.5926217650000001 0.22592537499999998 0.5899208174999999 0.21617938625 0.58953500375 0.2079500175 0.59202134875 0.2037261825 0.59879536125 0.20318474875 0.602267995 0.20697487375 0.6092132775 0.22321815999999997 0.61693027625
2 0.58815068875 0.60072460625 0.59410651 0.6088274637500001 0.60168676125 0.6123000825 0.6130570125 0.60844159 0.6238858700000001 0.59879536125 0.63579768 0.5771877975 0.6385048950000001 0.56406893375 0.63471472875 0.55750949375 0.63038325125 0.5536510025 0.62767603625 0.5524934575 0.620194705 0.55153136875 0.60980840375 0.55326514375 0.60060389125 0.56715572375 0.58977503375 0.5933934949999999 0.58815068875 0.60072460625
2 0.742357755 0.52316891 0.7629326025000001 0.53590193125 0.77484432875 0.5397604225 0.78188310375 0.54053212375 0.7851317937500001 0.53744533375 0.78783900875 0.53358684125 0.7892115350000001 0.5270274025 0.78134171 0.51545192625 0.7618497325 0.49770287 0.7531866137500001 0.489600035 0.74614792125 0.48689910249999996 0.73694332625 0.48612738624999996 0.72802851125 0.48882834875000003 0.72315551625 0.495387765 0.72665594375 0.50580569625 0.742357755 0.52316891
2 0.92944525625 0.57371516375 0.9473128887500001 0.59223592125 0.9532687937500001 0.5926217650000001 0.96193183 0.5926217650000001 0.96897060375 0.58953500375 0.97005347375 0.5837472662500001 0.96680486625 0.5686991125 0.9576002699999999 0.5548085475 0.94785436375 0.5424613699999999 0.93323533875 0.538217035 0.93161107625 0.538217035 0.9227782449999999 0.5385167325 0.9186163974999999 0.54014628125 0.9153677899999999 0.543618915 0.9169920525 0.55172175625 0.92944525625 0.57371516375
2 0.673342785 0.6690308575 0.674425655 0.6887091599999999 0.678757215 0.6964261449999999 0.6836301675 0.70259974 0.69121037625 0.70414312875 0.70258066875 0.70028463625 0.70961944375 0.6879374737499999 0.71395100375 0.6701884025 0.7123266587499999 0.65861292625 0.70907800875 0.65321104625 0.7052878837500001 0.6501242412499999 0.6987175025000001 0.645525965 0.69175181125 0.64587990625 0.6847130775 0.6481949950000001 0.67984008375 0.65282518875 0.673342785 0.6690308575
2 0.8563504625 0.74928748625 0.8682621912499999 0.7654931700000001 0.878549655 0.77128090875 0.88558843 0.7697375062499999 0.8926271212499999 0.76587901375 0.8947929425 0.76047711875 0.89371007375 0.7473582412499999 0.8801739999999999 0.71417521625 0.8763838337500001 0.70993086625 0.8736766199999999 0.70800162 0.870969405 0.70761580625 0.863209225 0.7081890287500001 0.854184725 0.7118601125 0.84931168875 0.71841955125 0.848770295 0.73115257125 0.8563504625 0.74928748625
2 0.7745925925 0.7624063649999999 0.7469790125 0.77321015375 0.73939880375 0.7789978925 0.73723302375 0.7832422275 0.73723302375 0.78787240625 0.7388573687500001 0.7917308975 0.7442717974999999 0.7948177037499999 0.7491447925 0.7959752324999999 0.75564209125 0.7959752324999999 0.77134394375 0.7913450550000001 0.8092449475 0.7774544899999999 0.8130350300000001 0.7747535275 0.8141179 0.772052595 0.8141179 0.77166675125 0.8141179 0.76587901375 0.811410685 0.76124880625 0.8016647374999999 0.75931956 0.79191874875 0.75931956 0.7745925925 0.7624063649999999
2 0.63434435875 0.86014484625 0.65437777125 0.87596467125 0.6695381475000001 0.8821382674999999 0.6760354875 0.8848391999999999 0.67765979125 0.8848391999999999 0.6830742200000001 0.8832957975 0.685781435 0.8809807075 0.68903008375 0.8790514625 0.69065443 0.87596467125 0.68903008375 0.86709012875 0.6700795825 0.849726915 0.6549192062500001 0.8366080512499999 0.64842186625 0.83390713375 0.6435489124999999 0.83274955875 0.64084169875 0.8319778875 0.6337331187499999 0.83351515625 0.62676415 0.8400806849999999 0.62568128125 0.8447108775 0.628388495 0.85165616125 0.63434435875 0.86014484625
2 0.45090822 0.7027275924999999 0.45549666625 0.71083042625 0.46173707875 0.71854741 0.469574215 0.7239492975 0.48177049125000004 0.72780779 0.4942236525 0.72587854375 0.4974723025 0.72009080625 0.49638943249999995 0.7112162775 0.48880922374999997 0.6946247725000001 0.47635606125 0.6799624950000001 0.4682344175 0.6741747562499999 0.46281998874999997 0.6718596524999999 0.45502606125 0.6730013075 0.44928391625 0.67301720125 0.44765957125 0.67880493875 0.44495235625 0.6872936237499999 0.45090822 0.7027275924999999
2 0.27086464374999997 0.9205797724999999 0.26978177375 0.92520996625 0.26978177375 0.9298401887500001 0.27248898875 0.9329269499999999 0.28169350125000003 0.9379429862499999 0.28927371 0.9352420537499999 0.29956113375 0.9290684575 0.3071413425 0.92019395875 0.3125557725 0.906303365 0.3125557725 0.8951137325 0.3125557725 0.890097695 0.30930708125 0.88623920375 0.3060584325 0.882766555 0.30068814875 0.8788253725 0.29252236 0.88083730875 0.28494215125 0.8866250462499999 0.27519620375 0.90437411875 0.27086464374999997 0.9205797724999999