2 0.3350132475 0.36421184125000006 0.34000368125 0.37681760750000004 0.35528690374999994 0.400348365 0.36246066875 0.4150550875 0.37057012624999996 0.42219834749999996 0.37867958375 0.4213579675 0.382734325 0.41673585375 0.38335811999999997 0.40455028499999995 0.38304622250000003 0.3927849025 0.3752486625 0.37429645375 0.36183684875 0.35370704375 0.356846415 0.35076569625 0.35341549375 0.3474041625 0.3471294125 0.34603157375000004 0.34093939749999996 0.34656377499999996 0.33657275875000003 0.35076569625 0.335325145 0.3566483875 0.3350132475 0.36421184125000006
2 0.306318235 0.46043583499999996 0.30351110875 0.46421755374999996 0.3025753925 0.46841947500000003 0.30475872249999997 0.48102523625000004 0.317858615 0.50413580125 0.33969178375 0.52556560625 0.35123218625 0.52808678375 0.35809403 0.52556560625 0.36183684875 0.5226242575 0.36464397624999995 0.5184223375 0.36433207875 0.51338002875 0.36370828250000004 0.5066569625 0.36246066875 0.5007742675 0.35591072250000005 0.49321081375 0.35029646999999997 0.4848069725 0.34128023125 0.47621335625 0.33158232499999996 0.46673871624999996 0.31910622875 0.458334875 0.3103729525 0.45875506 0.306318235 0.46043583499999996
2 0.47225030625000003 0.49489157125 0.47287410125 0.50203484 0.47880027625 0.51043868125 0.5003215225000001 0.5188425225000001 0.51061431125 0.52094348375 0.5184118725 0.52010309625 0.5230904075 0.51800213625 0.5274570225 0.51211945625 0.5296403775 0.5087579225000001 0.5302641725 0.50539637375 0.5296403775 0.5003540812499999 0.52870466125 0.49615216125000006 0.52558563625 0.48858869125 0.5118619025000001 0.48060505124999997 0.49439539625 0.47514255749999995 0.48223117375 0.4709406375 0.475993125 0.470520435 0.47100271624999995 0.4713608225 0.46606276874999997 0.47463857625000005 0.4647646675 0.47976466375 0.4647646675 0.48228581 0.4691312825 0.48816850500000003 0.47225030625000003 0.49489157125
2 0.26358759125 0.61968862 0.26109238625 0.6364963025 0.26265189875 0.6482616925000001 0.2682661275 0.6558251312500001 0.273256585 0.65792609125 0.281054145 0.65078283875 0.2904112175 0.63733670625 0.30008018750000004 0.6129655525 0.30475872249999997 0.5848126975 0.30288731375 0.5772492275 0.30101588 0.57178673375 0.296649265 0.56842518375 0.29292699875 0.56335116125 0.29009929625 0.56296269 0.28167794 0.56926557125 0.27013756 0.59699824125 0.26358759125 0.61968862
2 0.41486025875000004 0.5478357825 0.411741235 0.57640885625 0.41236505375 0.6054020824999999 0.4136126675 0.6142261412500001 0.41704358999999996 0.61968862 0.42234592125 0.62094920875 0.427336355 0.61926843375 0.4329506075 0.6129655525 0.43762914375 0.60456171125 0.441060065 0.597838645 0.44355529375 0.5675848125 0.444802885 0.54489446625 0.44230768 0.53565020625 0.43887675875 0.53270885875 0.43486713375 0.5287060100000001 0.43139109625000005 0.52304444375 0.42608876375 0.52304444375 0.42203402375000004 0.52724636375 0.41486025875000004 0.5478357825
2 0.3446822175 0.6570731775 0.32908709625 0.65791354875 0.3175467175 0.6658972049999999 0.31349197624999997 0.67430104625 0.31349197624999997 0.6822847025000001 0.3144276925 0.68900776875 0.317858615 0.69531065 0.32690378875 0.699092385 0.33937988500000005 0.69783179625 0.36058925875 0.69236931875 0.37306535500000004 0.68774721125 0.38242242750000005 0.67976355625 0.384605735 0.6768221925 0.384605735 0.67220008625 0.38417422875 0.66676168875 0.382734325 0.65917413875 0.37275343375 0.6549722174999999 0.35902974625 0.6532914425 0.3446822175 0.6570731775
2 0.47568125125 0.6532914425 0.48285501625000005 0.68690680875 0.48722163125 0.69951257 0.49470727 0.7070196025 0.5009453175 0.70617919875 0.5074952875000001 0.70113690625 0.51030239 0.69357343625 0.512485745 0.68727057125 0.51310954 0.67886673 0.51155002875 0.6675215412500001 0.5084310049999999 0.6536552062500001 0.50437626375 0.63894848375 0.5003215225000001 0.6305446425 0.49751441999999996 0.62424176125 0.49439539625 0.62046002625 0.49221208875 0.6179388800000001 0.49096445000000005 0.6154177187500001 0.48878114375000004 0.6133167575 0.48441452875 0.614633785 0.478488355 0.6196760775 0.47568125125 0.6251385875 0.47443361375000004 0.63186165375 0.47568125125 0.6532914425
2 0.57326397125 0.40816895125 0.584180555 0.41783336624999995 0.60601372375 0.43085931375000003 0.6253516874999999 0.4401035425 0.633461145 0.4380025825 0.63782778375 0.43464104875 0.6396991925 0.43169970125 0.6396991925 0.4266573925 0.63845157875 0.41783336624999995 0.6368920662499999 0.40984971000000003 0.63221353 0.40312664374999996 0.625039765 0.39682376249999995 0.61318748875 0.38841992124999997 0.6000875725 0.38547857375 0.5944733437499999 0.38757953375 0.59073050125 0.39052088124999995 0.5830463975 0.3948497425 0.57856632625 0.39472280249999997 0.57295207375 0.3989247225 0.57170445875 0.40186607 0.57326397125 0.40816895125
2 0.70178314875 0.5461123649999999 0.71145211875 0.55409602125 0.71831396125 0.55703736875 0.72673534125 0.5549364087499999 0.7311019550000001 0.5507344875 0.73328528625 0.54779314 0.73328528625 0.54275083125 0.7320376725 0.5351873775 0.72517582875 0.52510276125 0.71020450375 0.5116566124999999 0.69866412375 0.502832585 0.686499925 0.4948489375 0.68369279875 0.4948489375 0.67963805875 0.4948489375 0.6780785462500001 0.49568931749999995 0.6731237912500001 0.50035997625 0.66934529375 0.503672965 0.67184049875 0.512497 0.68369279875 0.5297248837499999 0.70178314875 0.5461123649999999
2 0.75075184 0.5137575725 0.76135650375 0.5272037212499999 0.7679064725000001 0.5297248837499999 0.77320880375 0.5280441087500001 0.7766397025 0.52468257625 0.77788734 0.5213210425 0.77913493125 0.51459796 0.77913493125 0.50661432875 0.7760159075 0.49358835624999997 0.7641636062499999 0.47173837375 0.75449466 0.45619128000000003 0.74763281625 0.45114895625 0.74357807625 0.44946819 0.7395233349999999 0.44862780999999996 0.73671625625 0.44862780999999996 0.73083571375 0.45154180875 0.7273591362499999 0.4587124175 0.7273591362499999 0.46837683249999995 0.73515669625 0.4868652825 0.75075184 0.5137575725
2 0.8231131899999999 0.5982161874999999 0.8209298825000001 0.607040215 0.81905844875 0.6146036687499999 0.8196822437500001 0.62090655 0.82030603875 0.6276296325 0.82747980375 0.63435269875 0.83340597875 0.63267194 0.8408916175000001 0.6284700200000001 0.8455701537500001 0.6234277125 0.85336771375 0.61082195 0.86022955625 0.59275369375 0.86241286375 0.58098830375 0.8645962187499999 0.5700633162500001 0.8636605025 0.5654412099999999 0.86210099 0.56207966 0.8611652737500001 0.55913832875 0.85756797875 0.55442741 0.85430343 0.5528354475 0.84962489375 0.5528354475 0.83902018375 0.5650210075 0.8231131899999999 0.5982161874999999
2 0.7282948525 0.61628447625 0.72579962375 0.6356132725 0.72642342 0.667968065 0.72704723875 0.67595172 0.731725775 0.6847757475 0.73983525625 0.69275940375 0.74482566625 0.6906584425 0.747320895 0.68729689375 0.75137563625 0.68015364125 0.7535589425000001 0.66880846875 0.75636604625 0.64695846125 0.7566779674999999 0.61712483125 0.7560541725000001 0.60872099 0.7551184550000001 0.6040988675 0.7535589425000001 0.5994767925 0.7529351475 0.5969556149999999 0.7479933124999999 0.5937969 0.74295428 0.59107295125 0.73889954 0.5944344525 0.731725775 0.607040215 0.7282948525 0.61628447625
2 0.7611188775 0.8411925675 0.7720354625 0.8386714225 0.7801448962499999 0.83362913 0.7954281425 0.82186373875 0.80353757625 0.8130396962499999 0.8088399562499999 0.8029550962499999 0.81227085375 0.7920300924999999 0.8125827750000001 0.78362625125 0.80946375125 0.7773233712500001 0.80665660125 0.77480225625 0.79885904 0.77270129625 0.7913734025 0.7752224099999999 0.78513535375 0.7806849200000001 0.7732830525 0.7899291325 0.7595593662500001 0.80589644375 0.7495784987499999 0.82312432875 0.7495784987499999 0.82858680625 0.75033298625 0.83158862125 0.7526975225 0.8374108325 0.754257035 0.83951179375 0.7611188775 0.8411925675
2 0.59331537375 0.69580611875 0.60360813875 0.70883206625 0.62793653625 0.72984167 0.6391650175 0.7344637925 0.64540306625 0.7344637925 0.6494578062499999 0.7306820575 0.65195301125 0.7269003225 0.65257683125 0.7210176425 0.65101731875 0.7130339875 0.64665068 0.7033695725 0.6401007350000001 0.6949657312499999 0.6326150725 0.68488112375 0.62575322875 0.6785782425 0.616084235 0.67101478 0.61109380125 0.66807344125 0.60735098125 0.66639266625 0.6051676512499999 0.66639266625 0.599424105 0.6678115425 0.59362727125 0.6731157412500001 0.59019635 0.6785782425 0.59144396375 0.68698207625 0.59331537375 0.69580611875
2 0.59924152375 0.8411925675 0.59924152375 0.85379833 0.60142483125 0.8613618 0.60329624125 0.8613618 0.6079747775 0.86388294625 0.61015810875 0.867244495 0.6126533125 0.8676646812500001 0.61951518 0.8626223575 0.63011984375 0.8491762237499999 0.638229325 0.822283925 0.6413483487499999 0.80001378125 0.63978883625 0.79118972125 0.63635789125 0.7857272125 0.63139963 0.78172060125 0.62700081875 0.7811051375 0.616084235 0.7916099387500001 0.60766288 0.808837775 0.59924152375 0.8411925675
2 0.55463947 0.7811051375 0.57584884375 0.7642974225 0.5867654275 0.7495906999999999 0.590820145 0.7361445512500001 0.59019635 0.7210176425 0.5867654275 0.71723590875 0.5805273799999999 0.715975335 0.57584884375 0.715975335 0.5633727475 0.72185803 0.55307995875 0.7332032037499999 0.53498960875 0.7554733962500001 0.5296872775 0.766398415 0.5296872775 0.77144069125 0.53040376375 0.78172060125 0.53530153 0.7848868412500001 0.5412276575 0.7848868412500001 0.55463947 0.7811051375
2 0.481342405 0.82858680625 0.48539713375 0.8428733425 0.4963137175 0.855479105 0.5128445425 0.8689252387499999 0.52438494625 0.8752281187500001 0.531870585 0.87732908 0.5374848375 0.87648870875 0.5399800662500001 0.8743877474999999 0.54278716875 0.8689252387499999 0.54434668125 0.8601012112499999 0.54185147625 0.8529579587499999 0.53124679 0.8369906475000001 0.50941362125 0.81640124625 0.50068035625 0.8100983650000001 0.49756133249999995 0.80799740375 0.4925790575 0.8074420012500001 0.48789235 0.8092579775000001 0.48352572375 0.8130396962499999 0.4807185975 0.81766181875 0.481342405 0.82858680625
2 0.40589151375 0.80080647625 0.38468216375 0.815933385 0.38093932125 0.8230766537499999 0.37844411625 0.8281189612500001 0.37813221875 0.8344218425 0.3778202975 0.84030452125 0.3812512425 0.8445064425 0.38499406125 0.84786799125 0.39809395375 0.849128565 0.41556050749999995 0.8377833762500001 0.43614606125 0.8230766537499999 0.44176031375 0.81635358625 0.443007905 0.8121516662499999 0.44331982625 0.8096305037499999 0.443007905 0.80206705 0.4402008025 0.7970247425 0.43396273 0.79450359625 0.42086283874999997 0.79366320875 0.40589151375 0.80080647625
2 0.25617835875 0.86845739375 0.23528090625 0.8768612349999999 0.2240524125 0.88694585125 0.21999768374999998 0.89703045125 0.22093338875000001 0.90081220125 0.22280481000000002 0.9058544937499999 0.22748334625 0.91089678625 0.23060237 0.91383815 0.23652852124999998 0.9146785212499999 0.2508760275 0.9117371887500001 0.2730210925 0.904593905 0.28362578 0.8961900799999999 0.28768052 0.8882064562499999 0.290175725 0.8835843175 0.28863759875 0.8762073775 0.28768052 0.870978555 0.28424957500000003 0.8663564325 0.2748925025 0.8642554724999999 0.25617835875 0.86845739375
0 0.65156210625 0.5354459475 0.6418397299999999 0.52531690875 0.6369137225 0.52025239125 0.63315441125 0.52025239125 0.6282284025 0.5317785387499999 0.6244690825 0.5401611912500001 0.62485798125 0.5433046862500001 0.6217468187499999 0.54732137625 0.62304313625 0.54976631625 0.62952472 0.557275775 0.6455990512500001 0.5738664437500001 0.65583995625 0.5803280749999999 0.66011779625 0.58137590375 0.6668586487499999 0.58137590375 0.67139575875 0.5812012675 0.67308096375 0.57997879625 0.6737291224999999 0.5784070525 0.67439580875 0.5752216225 0.67411802125 0.57054831375 0.6719142775 0.5644359624999999 0.664395645 0.5527351737499999 0.65156210625 0.5354459475