2 0.2073009075 0.33399774 0.2160432475 0.348081905 0.21954018375 0.3521059525 0.22478558750000002 0.3521059525 0.22933161500000002 0.35170355375 0.23142977125000003 0.34325304500000003 0.22828252375000002 0.3348025525 0.22478558750000002 0.32152319875 0.21569355875 0.30100054875000004 0.20939906375 0.28731879625 0.20485306250000002 0.2788682875 0.20100643875 0.2744418425 0.19646041125 0.27323463125 0.19226408500000003 0.27242981875 0.18851743875000002 0.27709135 0.1859696025 0.28128272625 0.18736836875000001 0.287721195 0.1947119425 0.30582940875 0.2073009075 0.33399774
2 0.30661389625 0.45029271375 0.3125586775 0.46156005875 0.31500654875 0.46598650375 0.3188531725 0.46759612875 0.3226997975 0.46397447999999997 0.32444826499999996 0.45874320625000004 0.32374888875 0.43983019624999997 0.32095132875 0.41125946625 0.3188531725 0.39757770000000003 0.315705925 0.38912722125000004 0.31360776875 0.38510317374999997 0.3069966325 0.3851730625 0.30136849250000003 0.38993200375000003 0.29892064749999997 0.40280894250000004 0.30241758375 0.43137970375 0.30661389625 0.45029271375
2 0.35557100124999996 0.3440578575 0.372356305 0.37142137625 0.38249739875000005 0.38550554249999996 0.38634404875 0.38912722125000004 0.39019067375 0.38993200375000003 0.39508638875 0.38791998 0.3978839225 0.38510317374999997 0.39893301375 0.37906710375 0.39753423374999997 0.36779974375 0.39368760999999997 0.357739625 0.381098645 0.33761938874999997 0.37270599375 0.32635205874999995 0.36815996624999997 0.3219255975 0.36466303000000005 0.31910876125000004 0.35683658749999997 0.3183132125 0.3517243775 0.3219255975 0.3503255975 0.32675445750000004 0.3503255975 0.33158331750000003 0.35557100124999996 0.3440578575
2 0.41152197749999997 0.24224946374999998 0.42341156625000004 0.23862782249999998 0.437049595 0.23259175124999998 0.4531355225 0.22414125 0.45873064125 0.21931239000000002 0.463976045 0.21287391374999998 0.46537479875000004 0.20643544375 0.46432570749999996 0.20120417750000003 0.46292695375000004 0.19919215375 0.45908030250000004 0.19637532875000002 0.45243614625 0.1967777275 0.44614165 0.20039937625 0.42585941 0.20884986625 0.405926885 0.21770278875 0.3978839225 0.22454365750000002 0.39613545375000003 0.2305797275 0.39749549875 0.23436136999999999 0.39823360999999996 0.23983504875 0.40173054625 0.24023744 0.41152197749999997 0.24224946374999998
2 0.38284711250000003 0.48207668750000005 0.381098645 0.49374643125 0.381098645 0.5025993237499999 0.38634404875 0.5062209725 0.39508638875 0.50340412 0.40068148125 0.49213680625 0.40382872875 0.48086946124999996 0.4041784175 0.47483339 0.40872441875 0.4647732725 0.41187166625000005 0.44827468375 0.41187166625000005 0.43781216749999996 0.41012319875000003 0.43177609625 0.40837473 0.42694722125 0.4031790025 0.42639492500000004 0.3968348575 0.42734965 0.39228883000000003 0.43378812000000005 0.38669373749999997 0.45551798125 0.38284711250000003 0.48207668750000005
2 0.48076129625 0.3774514425 0.47516623 0.38268271624999994 0.47376742374999997 0.38670676375 0.47516623 0.39274283375 0.47761407499999997 0.39676688125 0.4818103875 0.398778905 0.4881048825 0.399181335 0.50069387375 0.39757167875 0.5237736199999999 0.38469474 0.53391476625 0.37543941875000003 0.538810455 0.37061057374999995 0.5391459 0.36255130874999997 0.5342644275 0.35612399375000003 0.52097606 0.35813601749999996 0.49894540625 0.3661841125 0.48076129625 0.3774514425
2 0.47691469875000003 0.27685025875 0.46572451375 0.28167911875 0.45977967999999997 0.28610558 0.45838092625000004 0.289324815 0.45803121124999996 0.29455607375 0.460129395 0.29898251875 0.4678226425 0.301799355 0.48076129625 0.30381137875 0.495098755 0.3042137925 0.5080374075 0.30461619125 0.52027668375 0.30461619125 0.52342395875 0.3042137925 0.5269045075 0.29569145875 0.5220251524999999 0.28811760375 0.51643008625 0.28127672 0.49614784624999997 0.27765507125 0.47691469875000003 0.27685025875
2 0.49260271125000005 0.49322811125 0.471621095 0.5004713787499999 0.46392782 0.504495425 0.46043088375 0.50932430125 0.46008119625 0.5149579425 0.46497691125 0.5205916150000001 0.46917322499999997 0.5234084662499999 0.47511803125 0.52421326375 0.48316096875 0.52260363875 0.50029596 0.51857959125 0.5128849249999999 0.5149579425 0.5212775775 0.5101290975 0.5293205400000001 0.50248340125 0.52909047 0.49375748125 0.5247745125000001 0.48759443875 0.5174309525 0.48719204 0.5100873925 0.4879968375 0.49260271125000005 0.49322811125
2 0.54960275375 0.450975615 0.54995244125 0.45821888125 0.5524003125 0.4642549525 0.5565966262500001 0.468279 0.56114265375 0.4686813975 0.5649892775 0.4658645775 0.56848621375 0.46063330375 0.5709340575 0.45459723250000006 0.57198315 0.4453419425 0.57198315 0.43206257375 0.5716334612499999 0.42039284625 0.57023468125 0.40590626625 0.56603836875 0.38981007624999997 0.56394018625 0.38377400625 0.55969395125 0.38366494625 0.55414878125 0.38457884875 0.5489033775 0.39182209999999995 0.547854285 0.41395436125 0.54960275375 0.450975615
2 0.55519784625 0.34272872 0.56918559 0.34433834500000005 0.58981751875 0.3419239225 0.60765188625 0.33669264875000005 0.61359669375 0.33266860125000003 0.61499547375 0.32864455375 0.61289729125 0.32381571000000003 0.60415495125 0.31858443625 0.59890954625 0.3165724125 0.57722855375 0.3165724125 0.56394018625 0.3165724125 0.55904449625 0.317377225 0.5534493775 0.3214012725 0.54439221125 0.32736191374999996 0.54295857 0.33146138999999997 0.54435735 0.3354854375 0.54960275375 0.33991189875000005 0.55519784625 0.34272872
2 0.619541475 0.2855872675 0.62653534625 0.2904161125 0.63317953 0.29323294125 0.6408727787499999 0.292830535 0.6482163400000001 0.2888064875 0.648566055 0.28357524375 0.64506911875 0.27713675125000004 0.6328298425 0.2658694225 0.61359669375 0.24776120875 0.5999586375 0.23850589500000002 0.595762325 0.23649387624999998 0.5912162974999999 0.2368962775 0.5867998925 0.24290736625 0.5849218024999999 0.24856601375 0.59051692125 0.25902853875000004 0.59786048125 0.26788144625 0.619541475 0.2855872675
2 0.63317953 0.43125777625 0.63073168625 0.4453419425 0.6275844374999999 0.46787660125 0.6251365675 0.47793672 0.62653534625 0.4847775875 0.63073168625 0.4879968375 0.63492799875 0.48920406375 0.63947402625 0.48920406375 0.64367033875 0.485582415 0.6475169624999999 0.4799487425 0.6517132762500001 0.4686813975 0.654510835 0.45218281 0.654510835 0.44453711375 0.654510835 0.43769624625 0.6541611737499999 0.4276361275 0.6527623674999999 0.422002455 0.652412705 0.41636879875 0.6506642375 0.41435677499999995 0.646258085 0.413827285 0.6415721825 0.41395436125 0.6384249350000001 0.41838082125 0.63492799875 0.42562410375 0.63317953 0.43125777625
2 0.72899558375 0.279148775 0.71500784 0.29564738625 0.7083636825 0.30490268375 0.70486674625 0.30932913 0.703817655 0.31415799 0.7031182787500001 0.31818203749999996 0.70416731625 0.32341329625 0.70906305875 0.32703494499999997 0.7132593712499999 0.32663253 0.72025324375 0.32341329625 0.73249252 0.3165724125 0.7510262912500001 0.2912209175 0.75557231875 0.28116079875 0.7569710725000001 0.27552714875 0.7569710725000001 0.2719054925 0.7529330787499999 0.2670372375 0.7478790175000001 0.26546703125 0.74473179625 0.26506461000000003 0.7384373 0.26667423500000004 0.72899558375 0.279148775
2 0.72934529875 0.40188221875 0.7436827049999999 0.4260265025 0.7489281087499999 0.43487942500000004 0.75487288875 0.44051306625000003 0.7604680075 0.44212269249999997 0.7660631275 0.4356842225 0.76466432125 0.42160005624999997 0.7618667612500001 0.41073515625 0.7510262912500001 0.39383412375 0.74508151125 0.38377400625 0.73983610625 0.3769331225 0.7342409875 0.37049465249999997 0.73179314375 0.36928744125 0.7254986474999999 0.3672754175 0.72058082625 0.37009189374999996 0.7188544899999999 0.3721042775 0.71815506125 0.37572591125000004 0.7192041525 0.38135958375 0.72934529875 0.40188221875
2 0.81679198125 0.3451431575 0.8423195712499999 0.35117922874999996 0.8514116262500001 0.34956960375 0.8538594712500001 0.34433834500000005 0.850362535 0.33508303875 0.84266928625 0.32783975750000005 0.8237858525 0.322206085 0.8087490175000001 0.31858443625 0.79895758625 0.31858443625 0.79441155875 0.3214012725 0.78747129375 0.32334026875 0.78147290625 0.32502292125 0.7835710887499999 0.333071015 0.7912643375 0.33910708624999997 0.81679198125 0.3451431575
2 0.86277984375 0.4022401925 0.8589331925 0.41431233375 0.8568350625 0.43081092249999997 0.85753444 0.43604218000000006 0.86417859625 0.43684699250000003 0.8704730924999999 0.43161573500000006 0.88970624 0.39942335625 0.898798295 0.37849830625 0.8998473875 0.37286464125 0.8994976724999999 0.36924299374999997 0.89458347875 0.367578365 0.8883074875 0.36723097000000005 0.8781663412499999 0.37568147 0.8680252475 0.39338728500000003 0.86277984375 0.4022401925
2 0.7526218225 0.519834885 0.7498242625 0.52466372875 0.7487751987500001 0.52868777625 0.749474575 0.5347238475 0.75646844625 0.538747895 0.7627629425000001 0.54075991875 0.7816464025000001 0.53673587125 0.7991310825 0.5298950025 0.8134684887500001 0.51782286125 0.8166157625 0.5137988137499999 0.8131188275 0.50615311 0.80962189125 0.5021290625 0.80367711 0.500519445 0.7750021925 0.5081651337499999 0.7526218225 0.519834885
2 0.645615585 0.5709402662499999 0.6400204650000001 0.5874388687500001 0.6417689337500001 0.59307252625 0.64456649375 0.59709657375 0.6473640525000001 0.5995110112500001 0.65330883375 0.596694175 0.6634499537499999 0.5878412675 0.67149289 0.57617154 0.680584945 0.55645370125 0.6851309462499999 0.54438156 0.6858303487499999 0.5403575125 0.6858303487499999 0.53593107375 0.6812334925000001 0.52743875875 0.67708800875 0.5266757525 0.6700941374999999 0.531504605 0.65540699 0.5544416775 0.645615585 0.5709402662499999
2 0.552597065 0.551222435 0.55364615625 0.564904195 0.56273818375 0.59307252625 0.5693823675 0.6071566912499999 0.57392839625 0.61198555125 0.5812719562499999 0.61198555125 0.58721673625 0.6051446675 0.58721673625 0.59629177625 0.58546826875 0.58904847875 0.5819713325 0.5793907737499999 0.57847439625 0.56651382 0.57392839625 0.5476007937499999 0.57148052375 0.5411623175 0.56903268 0.53673587125 0.5649402625 0.5334712275 0.5606400275 0.5339190500000001 0.55539462375 0.536333465 0.552597065 0.54317434 0.552597065 0.551222435
2 0.75471997875 0.722244455 0.7680083462499999 0.7298901499999999 0.77465253 0.7314997750000001 0.779897935 0.7298901499999999 0.7840942475 0.72707329875 0.7840942475 0.71862280625 0.7802475962500001 0.712586735 0.77185497125 0.7057458662499999 0.76591016375 0.69930739625 0.7463273275 0.6920641000000001 0.73898376625 0.6904544749999999 0.7323395825 0.6904544749999999 0.7249527525 0.6908180925 0.7214990862499999 0.69447852125 0.7232475549999999 0.7053434675 0.7344377387500001 0.7133915625 0.75471997875 0.722244455
2 0.8557814362499999 0.71781800875 0.852634215 0.72868292375 0.8505360325 0.7443767149999999 0.8543826824999999 0.7500103875 0.85997774875 0.7516200125 0.8687200887500001 0.7415598937500001 0.87361583125 0.73310937 0.8764133375000001 0.7250612750000001 0.88025998875 0.71701318125 0.8858551075 0.7085626875 0.89284898 0.69810017 0.8945974475 0.6932713262500001 0.89529682375 0.68924727875 0.8942477325 0.6860280287499999 0.89005142 0.6816015675 0.88340721 0.68079677 0.8743152075 0.6872352549999999 0.86207593125 0.70453864 0.8557814362499999 0.71781800875
2 0.26035566 0.51529130125 0.26035566 0.52615623125 0.26385259625 0.5482884925 0.27049678 0.5655919075 0.27784033999999996 0.57404239375 0.28133727625 0.5768592225 0.28728205625000003 0.57565202625 0.29112868124999997 0.5704207525 0.29112868124999997 0.5591534149999999 0.28133727625 0.5160961175 0.27853971625 0.5052311825 0.27644156 0.49879270499999995 0.2724584175 0.4947628925 0.26699984375 0.49517106375 0.2635029075 0.4999999275 0.26070534875 0.5068408 0.26035566 0.51529130125
2 0.3523250625 0.5470812737499999 0.35826987000000005 0.57726162875 0.36701220999999995 0.59295541875 0.37365636625 0.59939388875 0.3799508625 0.59617465375 0.38344779875 0.59134579375 0.38519626625000003 0.58370012125 0.38134966875000004 0.5688111275 0.37155823750000005 0.5342043262499999 0.36946005374999996 0.5241442075 0.36701220999999995 0.520120165 0.36164570625000003 0.52090358625 0.35792015374999997 0.5213273724999999 0.35442321875 0.52535141875 0.35197537375000004 0.53339952875 0.3523250625 0.5470812737499999
2 0.11872973625 0.5692135337500001 0.10963770874999999 0.57162797875 0.1022941475 0.57726162875 0.10369291374999999 0.5845049175 0.10893831875 0.58933377 0.11418372249999999 0.59215060625 0.1236254525 0.59054098125 0.1285211675 0.58772416 0.13551502625 0.5889313712500001 0.156146955 0.58732174625 0.16418991875 0.5828952925 0.17258257 0.57806644125 0.17538010375 0.57565202625 0.17627604625 0.56966603375 0.17258257 0.56478708 0.16384023 0.5631774625 0.13831258625 0.56518948625 0.11872973625 0.5692135337500001
2 0.12511595625 0.7680014774999999 0.1391037 0.78128084625 0.1460975725 0.7873169175 0.15134297625 0.79053613625 0.15973562875 0.79053613625 0.16533072000000001 0.7869144875 0.16568040875 0.7820856437499999 0.16568040875 0.7776591974999999 0.16428165625 0.772025525 0.15973562875 0.7663918525 0.1541405225 0.76035578125 0.1474963525 0.756331735 0.14120187 0.75150289 0.13036136 0.74063794375 0.12686442375 0.7378211225 0.12161902 0.7354067000000001 0.11707300625 0.7346018725000001 0.11462514750000001 0.7337970749999999 0.10807400125 0.73505618875 0.10448404124999999 0.7442595925000001 0.10413434 0.74949086625 0.10833066499999999 0.7539173125 0.12511595625 0.7680014774999999
2 0.2023982375 0.67705799875 0.195404365 0.678667655 0.18351480375 0.68349648375 0.177919685 0.68792293 0.17617121749999998 0.69315418875 0.17756999625 0.6979830475 0.17896877625 0.70039748625 0.1824657125 0.70281193875 0.1849135575 0.70361672 0.18945958499999999 0.70361672 0.19610376875 0.70281193875 0.20869273249999998 0.6991902587500001 0.22757619250000002 0.69476384375 0.243312405 0.6887277725 0.24506087375 0.6859109062500001 0.24541056125000002 0.68430129625 0.24535247625 0.6787531575 0.24086453375000003 0.6742411774999999 0.227226505 0.6710219275 0.21463751375 0.67303395125 0.2023982375 0.67705799875
2 0.2891222625 0.7313826525 0.30415909750000003 0.73902834875 0.3167480625 0.7438571937499999 0.3314351825 0.74627161625 0.3356315225 0.74627161625 0.33982783499999997 0.74466199125 0.34227567999999997 0.7418451699999999 0.3440241475 0.74063794375 0.34472355125 0.73580909875 0.34192599125 0.730577825 0.33912845875000003 0.72735860625 0.332484275 0.72172493375 0.31010387875 0.713274425 0.29751491375 0.70683598625 0.28982163875 0.7056287437500001 0.28562532625 0.7056287437500001 0.284576235 0.7060311425000001 0.27857911375 0.7094182012500001 0.27548420625 0.7140792374999999 0.2765332975 0.71770088625 0.279680545 0.72293216 0.2891222625 0.7313826525
2 0.39577883875 0.67142434125 0.39228190249999995 0.68108204625 0.3915824725 0.6887277725 0.3947297475 0.6919469775 0.40172361875 0.691142165 0.41501198625 0.6790700225 0.44263776 0.65975459875 0.4492819175 0.65331612875 0.45312856875 0.6488896675 0.45417766 0.646475245 0.45417766 0.6420488 0.4496316325 0.636817525 0.44123900749999995 0.635610315 0.41571136375 0.6500968937499999 0.40207328 0.66377864625 0.39577883875 0.67142434125
2 0.47306109375 0.5869193475 0.47900587375000003 0.58772416 0.4842512775 0.58812655875 0.49089548875 0.58732174625 0.49893845124999997 0.58973618375 0.51047829875 0.592553005 0.5178218849999999 0.58973618375 0.52341700375 0.58490731625 0.52411638125 0.5768592225 0.52166853625 0.57162797875 0.51292619625 0.56679910375 0.50068692 0.56478708 0.48355190125 0.56357988375 0.46956415749999997 0.5607630325 0.46292 0.5607630325 0.45782807750000004 0.5646389775 0.45417766 0.5688111275 0.45417766 0.57404239375 0.46117153250000004 0.58007846375 0.47306109375 0.5869193475
2 0.44263776 0.73258984875 0.45487703625000003 0.73218745 0.47271143125000004 0.7309802550000001 0.48180343375 0.7297730275000001 0.49019611124999996 0.7257489812500001 0.49439242375 0.7213225350000001 0.4957911775 0.71609126125 0.49404271 0.7100551900000001 0.49124515 0.7056287437500001 0.48040468 0.70321430625 0.46292 0.7060311425000001 0.43914082375 0.7056287437500001 0.43039848375 0.7056287437500001 0.42550279500000004 0.7060311425000001 0.42305489749999997 0.71206721375 0.42200585875 0.71689608875 0.42515307999999996 0.72333455875 0.43214695249999996 0.7293706299999999 0.44263776 0.73258984875
2 0.57478070875 0.7746045125000001 0.5492530649999999 0.7798357712499999 0.540510725 0.7854694437499999 0.53666410125 0.7907007174999999 0.53526532125 0.79351753875 0.534565945 0.7971391875 0.53561501 0.801163235 0.53946163375 0.80478488375 0.54225919375 0.8067969075000001 0.54645550625 0.80719930625 0.5583450937500001 0.8039800549999999 0.595762325 0.7939199375 0.60205679375 0.79110311625 0.604504665 0.7890910925 0.60555373 0.78667667 0.60472478875 0.77929428625 0.6024064825 0.774202145 0.595762325 0.77138527875 0.5863205825 0.7709828799999999 0.57478070875 0.7746045125000001
2 0.6756110975 0.85309447125 0.6735129412499999 0.8832748562499999 0.67526141 0.89735902125 0.6784086575 0.9037974612499999 0.6836540612500001 0.90621189875 0.6895988425 0.9037974612499999 0.6941448699999999 0.8913229512499999 0.69729209125 0.877238785 0.6983411825 0.85993535375 0.6983411825 0.8490704237500001 0.6983411825 0.84222954 0.69659271375 0.83619346875 0.6941448699999999 0.83216942125 0.69274609 0.8293525850000001 0.68866576625 0.8250404987500001 0.6850528149999999 0.82452374125 0.68120619 0.8269381625 0.6784086575 0.8345838587500001 0.6756110975 0.85309447125
2 0.206863715 0.8675810350000001 0.20581465000000002 0.8716050825 0.20581465000000002 0.8764339425 0.20896187125000001 0.87965317625 0.21385758625 0.88045798875 0.22225023875000002 0.87965317625 0.24393123125 0.8643618 0.26141591125 0.84504637625 0.26596193875 0.8365958824999999 0.26666131625 0.8297549987499999 0.263714565 0.8230296762499999 0.25826869125 0.82291411625 0.24358154375000002 0.83136460875 0.21350789875 0.8591305724999999 0.206863715 0.8675810350000001
2 0.36107858875 0.9194912662500001 0.37226880125 0.92190568875 0.38905407750000004 0.92592973625 0.39499888499999997 0.92472251 0.39429948125000003 0.9158696175 0.384857765 0.9066142975 0.37366758 0.90057822625 0.36142830375 0.8937373425 0.34779024875 0.8893109275000001 0.33803730625 0.88687329375 0.33450188 0.889713295 0.33625034875 0.8985662025000001 0.34394362375 0.9074191399999999 0.36107858875 0.9194912662500001
2 0.49291309375 0.91184557125 0.4831216625 0.929551385 0.47962472624999997 0.9408186987499999 0.478575635 0.9520860437499999 0.48067381875000004 0.958122115 0.48521984625000003 0.95973174 0.49046525 0.9589269125 0.49675974500000003 0.95329324 0.5030541875 0.93920907375 0.50864930625 0.9166744149999999 0.5124959575 0.90299266375 0.51354499625 0.8969565925 0.51389471125 0.8937373425 0.51284561875 0.88850608375 0.5076680325 0.8883814099999999 0.5009560574999999 0.89011570875 0.49606031500000003 0.8985662025000001 0.49396218625000005 0.90701671125 0.49291309375 0.91184557125
1 0.66424487375 0.337385755 0.6689079762500001 0.35467615375 0.68263818625 0.36898544875 0.6898918962499999 0.37256277625 0.6981818337500001 0.37286089250000004 0.7005134037499999 0.36987978875000005 0.70077244125 0.36570624 0.6989590237500001 0.36093647875 0.68859659125 0.34036685875000006 0.6761616662500001 0.31800858125000003 0.66864891875 0.30817093624999997 0.66424487375 0.30369928625 0.6606180387499999 0.3028049625 0.6568974387500001 0.30366758625 0.6549186887499999 0.3051898375 0.6546596325 0.30936338125 0.6575092975 0.32039346125 0.66424487375 0.337385755
1 0.43920226375 0.86406521 0.441001975 0.86439221375 0.44346475249999995 0.8624302125 0.45019000875000004 0.85632622125 0.45795720625 0.846298235 0.46885023124999997 0.8191572587500001 0.4719760575 0.80139027875 0.47027106 0.7969212849999999 0.46790301125 0.79277928875 0.4654402425 0.78994529125 0.4629774725 0.7889642925 0.46089358500000005 0.7891822937499999 0.45814665499999996 0.79223428875 0.4561574875 0.79495928625 0.45037945 0.81021927125 0.44857973125 0.81643226125 0.44384363375 0.82384425625 0.43484504874999996 0.8412842374999999 0.43219283500000005 0.85022222875 0.43181394875 0.85447322625 0.43190867 0.8564352187500001 0.43361366375000004 0.8588332212500001 0.43484504874999996 0.8597052150000001 0.43617527625 0.86050332 0.4367394875 0.86253921 0.43806559624999997 0.8635202112499999 0.43920226375 0.86406521
1 0.61458371125 0.7640372275 0.6180152975 0.7588628875000001 0.6220385337500001 0.7512375312499999 0.6266534149999999 0.7299954737500001 0.62937501875 0.70112806875 0.62760006125 0.6917325425 0.62322183875 0.6872390312500001 0.61730531625 0.6862858625 0.61233543125 0.69009854 0.6103238175 0.6950005525 0.60369731375 0.7237317937500001 0.59991073375 0.7471525212500001 0.6015673625 0.7602245575000001 0.6040523 0.7634925575 0.60805741625 0.76521004875 0.61020548875 0.76648823875 0.6118621075 0.76567123875 0.61458371125 0.7640372275
1 0.8390440075 0.7997014299999999 0.84030868625 0.8059195825000001 0.839388925 0.81372534625 0.84099851125 0.8274846637500001 0.8472069437499999 0.85196037 0.8497363099999999 0.860030735 0.8538752624999999 0.86254445875 0.8585890775 0.86280905625 0.862843 0.86227986 0.86491248 0.86082454 0.86606219 0.855664805 0.86790171375 0.84309619875 0.86709692125 0.8372749425000001 0.8641076687499999 0.8224572225 0.86215316625 0.8108147200000001 0.8575543287499999 0.8043319687499999 0.85525491 0.8022151475 0.8527255524999999 0.7916310612499999 0.8515758425 0.7876620275 0.8505411112500001 0.7858098124999999 0.84835665375 0.7851483075 0.84582729625 0.7844868012499999 0.84214822 0.7866036175000001 0.8390440075 0.79268947375 0.8390440075 0.7997014299999999