1 0.10022677375000001 0.29214773375 0.11117063999999999 0.30425170749999997 0.11747166875 0.30638769625 0.1221145325 0.3053197025 0.12576248874999998 0.30069172375000003 0.12576248874999998 0.29250373375 0.11979308749999999 0.276483775 0.10984410374999999 0.24871584375 0.10287982 0.23483188125 0.09823695625 0.22984789500000002 0.09591553624999999 0.2280679 0.09088309125 0.22912654375 0.085634925 0.23127189 0.0853032975 0.24301986125 0.0906094175 0.27078778875000004 0.10022677375000001 0.29214773375
2 0.08497164375 0.49506722000000003 0.11282880375 0.4957792075 0.13140023625 0.496847215 0.14068596375 0.4957792075 0.1449972 0.48972723375 0.14599208375 0.485099235 0.1449972 0.4808272575 0.14068596375 0.475843265 0.12874718875 0.47050327875000003 0.09359411749999999 0.46801126875 0.08497164375 0.467655275 0.07720087375000001 0.47061667 0.071374705 0.476911245 0.06971654 0.48331924 0.0746910325 0.48972723375 0.08497164375 0.49506722000000003
2 0.20435945125 0.34768358374999997 0.19839007625000002 0.37082352375 0.1973951675 0.3839954925 0.19839007625000002 0.39218346875000004 0.20137477625 0.3968114675 0.203696195 0.39930345 0.20833906 0.39930345 0.21364517875 0.39538749250000005 0.21596659875000002 0.38541949375 0.22193599875 0.36975553 0.23321152 0.34198760375 0.23486968375 0.33166362624999995 0.23486968375 0.32845964250000004 0.23486968375 0.3256116525 0.23060756500000001 0.322520515 0.22624723625 0.32098365375 0.22094109125 0.322407655 0.20933394249999998 0.33415562125000003 0.20435945125 0.34768358374999997
2 0.33041575625 0.4766259275 0.34036474 0.49940987375 0.3519718875 0.51578582625 0.35827291625 0.51934581625 0.3625841525 0.5182778087500001 0.366563735 0.51578582625 0.36789027124999996 0.51044584 0.36755864375 0.504037845 0.36125761625 0.48766189375 0.35031372375 0.45206198625 0.34799230375 0.44423000375 0.34633414 0.44031404625 0.34533923125 0.43853405125 0.34434434875000003 0.4371100225 0.3392360875 0.4368169475 0.33207391999999997 0.43782202249999996 0.32743108125 0.44423000375 0.32709942750000004 0.45633399124999996 0.33041575625 0.4766259275
2 0.47135972000000004 0.42714205125 0.463732155 0.43212604374999997 0.45676784625000005 0.44707799375 0.45378317125 0.45455399625 0.45411482375 0.46131795625000005 0.46008417375 0.46558996125 0.469701555 0.4630979525 0.48462503125 0.45170599250000004 0.5045229987500001 0.43283804375 0.5161301475 0.4239380675 0.5191148225 0.41859808125000003 0.52010973 0.41646207875 0.52044138375 0.41219008625000003 0.52044138375 0.40969810375000004 0.51811991375 0.40613811375 0.51546689125 0.40329011000000003 0.513477075 0.402222115 0.50817093 0.4025781225 0.5002117625 0.4054261125 0.48926787 0.41290208749999996 0.48329847000000004 0.41931006875 0.47135972000000004 0.42714205125
2 0.51343452 0.29758071 0.52338350375 0.29366471125 0.53830697875 0.285476735 0.56251618375 0.2730167675 0.57180188625 0.2666087875 0.57346005 0.2598448 0.57379167875 0.25450481375 0.57113863125 0.25130083625 0.5671590224999999 0.24952084125 0.5618529025 0.2498768275 0.55124066375 0.25272481750000003 0.5369804425 0.25842081875 0.52769474 0.26269279624999997 0.51509268375 0.27194877375 0.50414879125 0.28262873875 0.5014957437500001 0.28903672625 0.5021788699999999 0.29539179 0.505806955 0.29829269750000004 0.5091232825 0.29829269750000004 0.51343452 0.29758071
2 0.69485542625 0.344468975 0.70878402 0.3615569275 0.717738095 0.36191292124999996 0.72238095875 0.35514894625 0.723044215 0.34589296249999996 0.7203911675000001 0.33770498625 0.6971768712499999 0.2885771175 0.6938605437500001 0.28252513 0.68921768 0.28003314125 0.68523809625 0.27825314500000004 0.68170616 0.280715595 0.6782737874999999 0.28501712625 0.67694727625 0.30424108875 0.6812584875000001 0.3163450425 0.69485542625 0.344468975
2 0.8407738825 0.371168905 0.845748375 0.371168905 0.8503912137499999 0.37045690375 0.8550341025 0.36867690875000003 0.8593452887499999 0.36618491249999996 0.8663095975 0.36226892875 0.8712840900000001 0.36120093375 0.8775850925 0.35906493125 0.8858759125 0.35479294000000006 0.8935034774999999 0.34731696375 0.8988096225 0.341620985 0.90079938875 0.33699298624999996 0.9001361325 0.33307700124999995 0.8964882025 0.32951701 0.888528985 0.32951701 0.876590235 0.3320090075 0.85370754125 0.34090898375 0.83944732125 0.34731696375 0.83016164375 0.35443694625 0.82817182625 0.36120093375 0.82889366125 0.36565963500000004 0.83314631875 0.36938890999999996 0.8361309925 0.37010091125 0.8407738825 0.371168905
2 0.5774574375 0.481172625 0.5781206925 0.48971660875 0.5817686475 0.49505659375 0.58442172125 0.49790457000000005 0.59138600375 0.49648056875 0.5983502875 0.49078458875000003 0.6082992712499999 0.4647966725 0.61692172 0.43774072125 0.61692172 0.42919677874999995 0.61692172 0.4238567925 0.6142686725000001 0.41816078625 0.6082992712499999 0.41566879 0.60034008 0.41566879 0.59138600375 0.42919677874999995 0.5817686475 0.45981268 0.5774574375 0.481172625
2 0.8466766162499999 0.54157557 0.84269703375 0.5508315537499999 0.84236540625 0.560799525 0.84236540625 0.5686315075 0.84535008 0.5743274875000001 0.8509878537500001 0.5753954825 0.8579521375 0.57290349875 0.8642531649999999 0.563647515 0.8841511325 0.5259116187499999 0.88978888 0.5159436475 0.89078378875 0.5106036675 0.8887939712499999 0.5081116575 0.88528098625 0.50441639375 0.8781817325 0.5006356825 0.869559285 0.50668766375 0.8556307175000001 0.52306362875 0.8466766162499999 0.54157557
2 0.84369191625 0.6508672887500001 0.8337429325 0.6558512812499999 0.82876844 0.66154726125 0.8284368125 0.66831124875 0.83506946875 0.6732952412500001 0.8443551975 0.6747192425 0.8559623449999999 0.6711592525000001 0.8858092974999999 0.65798727 0.8964215362500001 0.6494432862499999 0.9027225900000001 0.642323305 0.9043807537499999 0.63947532875 0.9057072650000001 0.6359153387500001 0.9030541925 0.63093134625 0.9007327725000001 0.62808335625 0.89376846375 0.6270153475 0.87188073 0.63698331875 0.84369191625 0.6508672887500001
2 0.68813637 0.57076749625 0.68316187875 0.57681948375 0.6821669699999999 0.58144746875 0.6854832974999999 0.5871434624999999 0.6914526987499999 0.5889234575 0.7053812650000001 0.5853634675 0.72959047 0.56898750125 0.75313639375 0.54976355875 0.75612109375 0.5437115725 0.75744763 0.5408635825 0.7530195412499999 0.53688191625 0.7458404562500001 0.53730359125 0.72295781375 0.54798356375 0.7007384012500001 0.56044353125 0.68813637 0.57076749625
2 0.580426915 0.54584756125 0.572136095 0.5511875475 0.569814675 0.555103545 0.5691514200000001 0.56008752375 0.5718044675 0.5640035225 0.57611570375 0.5682755 0.5824167325 0.57112350375 0.59302897125 0.56898750125 0.62718716 0.5483395575 0.63813102625 0.54228757 0.64343714625 0.53516758875 0.64310551875 0.531251605 0.6411157274999999 0.5266236200000001 0.6305034875 0.5244876162500001 0.62387083125 0.5227076212499999 0.613590195 0.5259116187499999 0.5940238800000001 0.5380155787500001 0.580426915 0.54584756125
2 0.512408955 0.62772734875 0.50478139125 0.624523365 0.49582729000000003 0.6287953425 0.492842615 0.636627325 0.4954956625 0.6462393175 0.51539363 0.67009124375 0.531312015 0.68575520875 0.54026609 0.6918071825 0.5462354912499999 0.69323118375 0.54955181875 0.69216317625 0.5512099825 0.6886031850000001 0.5519323924999999 0.68186493875 0.5541946575 0.67649923875 0.5531998 0.66973525 0.5336334337499999 0.6487313 0.512408955 0.62772734875
2 0.33332722 0.5789554725 0.3306741725 0.5857194875 0.33233233749999996 0.59319543625 0.338633365 0.59889142875 0.34924560499999996 0.60067142375 0.37312315625 0.5928394687499999 0.39302112375 0.581091475 0.40164359625 0.5757514887499999 0.40495992375 0.5714794975 0.406286435 0.56720750625 0.406286435 0.56257952125 0.4026718275 0.5564501775 0.3970007325 0.55332355 0.3691435725 0.56293551375 0.34758744 0.5704115025000001 0.33332722 0.5789554725
2 0.252408825 0.5985354212499999 0.25307209375 0.6106394224999999 0.2527404525 0.63199935375 0.25373536125 0.64588329625 0.25638842125 0.65193529625 0.26235780875 0.6558512812499999 0.26733230124999996 0.65691928875 0.27330168875 0.6515793025000001 0.2769496575 0.6391193350000001 0.27860782125 0.61847137875 0.27529149375 0.580379475 0.271643525 0.57290349875 0.268990465 0.57076749625 0.2650204175 0.57068164 0.25937310875 0.57076749625 0.2543986175 0.5753954825 0.2517455575 0.58144746875 0.252408825 0.5985354212499999
2 0.31177108875 0.761881105 0.31807211625 0.7736290725 0.32536805375 0.7793250525000001 0.33034254500000004 0.7818170487499999 0.33465375625 0.78074905375 0.338633365 0.7779010637499999 0.340954785 0.773273065 0.340954785 0.76615308375 0.33498538375000003 0.747285135 0.3240415175 0.718093215 0.3164139525 0.7020732599999999 0.31210274125000004 0.69851327 0.30482323499999997 0.6987648 0.299500685 0.70314125125 0.29751089375 0.71061723375 0.30016393999999996 0.7273491925000001 0.31177108875 0.761881105
2 0.35455172375 0.9046367424999999 0.34294457625 0.90000874375 0.32901600875 0.90250072625 0.3247047725 0.90997672875 0.32503639999999995 0.91709671 0.33200070875000004 0.92279269 0.35090376874999996 0.93240465375 0.380087465 0.94628862375 0.38771500375 0.9466446175000001 0.39136296000000004 0.9459326299999999 0.39603802375 0.9393654600000001 0.3976639875 0.9338286562499999 0.39666910375000003 0.9277766825 0.37710276375 0.91389271375 0.35455172375 0.9046367424999999
2 0.53143026875 0.7868010412499999 0.5500016999999999 0.79534501 0.56326701125 0.79783700625 0.56890475875 0.7981929999999999 0.572552715 0.79712500625 0.575537415 0.79463301 0.57620069625 0.79036103125 0.57620069625 0.7860890399999999 0.5745425325 0.7828850425 0.572552715 0.7803930462499999 0.56857313125 0.7764770625 0.5579608925 0.76900108625 0.53342006 0.7565411262499999 0.5194914675 0.75084512625 0.5141853475 0.75048912625 0.5112006474999999 0.75048912625 0.5088792275 0.7536931225 0.504899645 0.75725311375 0.50423636375 0.76223709875 0.5105373925 0.7707810825 0.53143026875 0.7868010412499999
2 0.6345680625 0.7957010175000001 0.60704253125 0.8074489850000001 0.60239966625 0.8113649687500001 0.59941499125 0.81456896625 0.5970935475 0.81848495 0.59643029125 0.8199089525 0.59609866375 0.8248929312500001 0.59676191875 0.82809692875 0.600409875 0.82952093 0.6060476475000001 0.8291649225000001 0.61599663125 0.82809692875 0.6488282587499999 0.8170609625 0.6624252224999999 0.80851697875 0.6650782700000001 0.8049569875 0.6670680625 0.8024649925 0.6677313425 0.80175299125 0.6671947162499999 0.7948271712499999 0.6624252224999999 0.79178502 0.6528078662500001 0.79178502 0.64650683875 0.7928530137500001 0.6345680625 0.7957010175000001
2 0.625945615 0.75226912125 0.62992519875 0.77006908125 0.63224661875 0.7779010637499999 0.6352313187499999 0.7811050475000001 0.64086909125 0.7814610550000001 0.6475017475 0.7775450562499999 0.6504864225 0.7565411262499999 0.650154795 0.7273491925000001 0.64915991125 0.7145332249999999 0.647833375 0.7088372375 0.6475017475 0.7067012425 0.64617521125 0.703853255 0.64319051125 0.700293265 0.63858644125 0.69920953375 0.63224661875 0.70136125625 0.6276037787500001 0.7074132425 0.6239557987500001 0.7237892012499999 0.625945615 0.75226912125
2 0.75627728875 0.7458611537500001 0.76456810875 0.761881105 0.76921099875 0.76650909125 0.7731905825 0.7675770850000001 0.7768385125 0.7679330787499999 0.7788283300000001 0.76722109125 0.7821446575000001 0.76544109625 0.7844660775 0.76010111625 0.78347116875 0.7519131275 0.7821446575000001 0.744437145 0.78114974875 0.74016515375 0.7798232375 0.73624916875 0.762909945 0.7088372375 0.75528238 0.69637726625 0.75163445 0.6931732825 0.74997628625 0.6917492812499999 0.745001795 0.6896132925 0.7430119775 0.68818929 0.73726426 0.6885359375 0.7317364825 0.69637726625 0.73273139125 0.70314125125 0.73571606625 0.7134652225000001 0.75627728875 0.7458611537500001
2 0.63788439125 0.9402366499999999 0.6458435825 0.9477126262500001 0.6574507312500001 0.94949262125 0.66076705875 0.94557663625 0.6594405225 0.93418465 0.6458435825 0.9131806987500001 0.631251735 0.88790477 0.6183180512500001 0.87330881375 0.6120170225 0.87330881375 0.60538436625 0.87686880375 0.6067109025 0.88505679375 0.617654795 0.90890872125 0.63788439125 0.9402366499999999
2 0.89991387 0.75867710875 0.89659754125 0.78074905375 0.8962659137500001 0.7892930237500001 0.8992505887500001 0.7957010175000001 0.90223528875 0.7967690125 0.9062148975 0.7967690125 0.91251590125 0.79249702 0.91948021 0.78359704375 0.92445470125 0.77184907625 0.92976082125 0.7568971125 0.93075573 0.743725145 0.9310873325 0.73589316875 0.9310873325 0.7298411950000001 0.9310873325 0.7237892012499999 0.93075573 0.72094121875 0.9277710299999999 0.7173812275 0.9241230487500001 0.71595721875 0.91948021 0.71595721875 0.91516897375 0.7170252137500001 0.9091995724999999 0.7284171875 0.89991387 0.75867710875
2 0.8266230274999999 0.83165694625 0.8544801612499999 0.8686808275 0.8634342624999999 0.8772247975 0.8670822175 0.87829280625 0.8713934537500001 0.8765128099999999 0.8770312025 0.8654768575 0.8783577375 0.8601368725 0.8753730375000001 0.8544408649999999 0.8684087537499999 0.8434048850000001 0.85779649 0.83308092125 0.85315365 0.8216889475000001 0.8422097587499999 0.811008975 0.83458219375 0.8074489850000001 0.8272352112500001 0.8055007675 0.82264341875 0.8074489850000001 0.8183322074999999 0.8106529675 0.81766892625 0.8159929537499999 0.8266230274999999 0.83165694625
2 0.87968427375 0.8804287949999999 0.87736283 0.8896847649999999 0.87802611 0.90000874375 0.88034753 0.9067727325 0.8830006025 0.9121127174999999 0.88731181375 0.91389271375 0.89261793375 0.91389271375 0.897592425 0.911756725 0.90157203375 0.90499273625 0.905883245 0.88327679875 0.90820469 0.87046082375 0.9135108099999999 0.8505248675 0.9135108099999999 0.84126889625 0.91284755375 0.83770890625 0.9088679449999999 0.83486091625 0.9051823950000001 0.8326294925000001 0.90157203375 0.8309449175 0.8929495862500001 0.83628490375 0.8869801862500001 0.8505248675 0.87968427375 0.8804287949999999
1 0.31115356250000004 0.32241797624999996 0.30049609 0.3420128975 0.29958907625 0.34432534375 0.30185662375 0.34797657125000003 0.30117636125 0.354792195 0.30117636125 0.357834885 0.302536885 0.36172953375 0.30695860375 0.362824895 0.31262747125 0.3613644075 0.3178428275 0.35905196125000005 0.31852309 0.35576586 0.31738931625 0.35321000249999995 0.3181829625 0.3513843875 0.32079063625000004 0.34931535375 0.32872705125 0.3378748425 0.34834133625 0.30671769375 0.35094901 0.29807645625 0.35094901 0.29454693375 0.34924835000000004 0.29053058375 0.34688127874999997 0.28988646375 0.34346610624999996 0.287974725 0.33847750125 0.2882181425 0.330087585 0.29430352125 0.31115356250000004 0.32241797624999996
1 0.72918655 0.47264118000000005 0.7239427137500001 0.47967758250000003 0.7166596049999999 0.48687034875 0.71403768125 0.49515766624999996 0.70966781625 0.5061031887499999 0.70923083625 0.50907411625 0.7102504675 0.51110684875 0.71330937125 0.51298323 0.7188445375000001 0.514546875 0.72408837375 0.512826855 0.73224545375 0.5054777275 0.73748930125 0.49734678375 0.7465203524999999 0.48499397250000004 0.7621062012500001 0.46591750625000006 0.76618474625 0.45935019625 0.7667673975 0.45434652999999997 0.76618474625 0.45121924 0.764728125 0.44871741 0.7639998137499999 0.44715376749999997 0.7612529225 0.44588070375 0.75773633625 0.44418283625 0.75205552 0.44465192875 0.74011121375 0.455284715 0.72918655 0.47264118000000005
1 0.4481290375 0.7733402562499999 0.44476711874999997 0.772939265 0.42833110249999995 0.7790878025000001 0.4147589325 0.78496901625 0.39981709625 0.7937908312499999 0.39396488124999995 0.8002067024999999 0.39309326749999995 0.802478985 0.39197262875 0.80702357 0.392595205 0.8110334862499999 0.39545906125 0.814107745 0.39882097 0.81664736125 0.40168482625 0.8177166762500001 0.40529577125000005 0.8177166762500001 0.41463441875 0.8143750787499999 0.43082140875 0.8075582175 0.45149094624999997 0.79726609625 0.45609800874999995 0.79365716875 0.46008250500000003 0.7861719925 0.46045605375 0.784167035 0.4598334775 0.78309771875 0.459335405 0.7814937562500001 0.458214775 0.7781521587500001 0.45385674000000004 0.77708284375 0.45012127999999996 0.77681552 0.4481290375 0.7733402562499999
0 0.73292819625 0.83448598625 0.7265214274999999 0.8544190625 0.722286445 0.8724870575 0.72261221625 0.8813462049999999 0.7245668187500001 0.8891562424999999 0.7270643737499999 0.89416864875 0.72869321375 0.896150305 0.72999628125 0.89684970875 0.73314537125 0.8966165775 0.73727176625 0.89510119375 0.7419410987499999 0.89148759625 0.7451987762500001 0.8844935337500001 0.74628466875 0.87959769 0.7506282387500001 0.86491015625 0.7564920687500001 0.8492900862499999 0.7582294875 0.8369339062500001 0.75660064875 0.83436941875 0.75138836125 0.83192149625 0.7485650425 0.8307558187499999 0.74585031 0.83017298 0.74270122875 0.82982327625 0.74086969375 0.8310102 0.73846624625 0.8309889524999999 0.7367288200000001 0.8309889524999999 0.7356429275 0.8309889524999999 0.73292819625 0.83448598625